#$SPEC_ID:
#No sample description was entered.
#$SPEC_REM:
#DET# 1
#DETDESC# NEWTON MCB 338
#AP# Maestro Version 6.06
#$DATE_MEA:
#04/08/2019 14:08:40
#$MEAS_TIM:
#4064 4072
#$DATA:
#0 8191
       0
       0
       0
       0
       0
       0
       0
       0
       0
       0
       0
       0
       0
       0
       0
       0
       0
       0
       0
       0
       0
       0
       0
       0
       0
       0
       0
       0
       0
       0
       0
       0
       0
       0
       0
       0
       0
       0
       0
       0
       0
       0
       0
       0
       0
       0
       0
       0
       0
       0
       0
       0
       1
      36
     121
     232
     361
     446
     513
     565
     512
     546
     530
     536
     525
     493
     486
     486
     500
     451
     463
     492
     461
     462
     437
     442
     413
     450
     461
     429
     433
     426
     422
     423
     430
     425
     405
     466
     408
     406
     409
     388
     414
     433
     429
     437
     411
     382
     406
     364
     393
     419
     386
     399
     409
     384
     388
     406
     394
     405
     387
     389
     398
     409
     379
     387
     385
     395
     354
     404
     376
     398
     398
     421
     365
     388
     368
     381
     391
     405
     393
     375
     359
     387
     387
     349
     372
     359
     361
     356
     377
     363
     349
     353
     319
     379
     387
     361
     377
     374
     370
     350
     379
     379
     378
     398
     389
     367
     410
     369
     418
     436
     421
     506
     560
     469
     398
     408
     385
     408
     415
     395
     469
     463
     427
     461
     496
     431
     450
     448
     510
     460
     504
     547
     522
     526
     527
     534
     557
     567
     645
     875
    1128
    1092
     756
     636
     788
    1422
    1718
    1212
     695
     485
     558
     612
     631
     523
     561
     548
     604
     533
     439
     483
     504
     557
     709
     702
     607
     555
     534
     517
     564
     635
     825
     935
     833
     580
     570
     532
     540
     691
     681
     596
     497
     537
     610
     924
    1286
    1182
     772
     591
     526
     595
     599
     560
     465
     436
     415
     493
     464
     556
     616
     627
     575
     446
     398
     432
     458
     429
     434
     427
     397
     432
     421
     396
     460
     422
     489
     472
     418
     449
     395
     418
     437
     431
     471
     450
     466
     476
     453
     470
     484
     471
     512
     498
     474
     457
     536
     496
     477
     494
     452
     455
     488
     468
     427
     455
     449
     445
     444
     443
     439
     404
     448
     402
     425
     417
     423
     451
     419
     431
     429
     453
     407
     466
     429
     417
     422
     449
     442
     463
     468
     438
     438
     433
     448
     441
     427
     439
     464
     445
     439
     450
     428
     481
     448
     431
     452
     427
     423
     422
     428
     469
     426
     476
     476
     451
     458
     448
     429
     429
     436
     466
     467
     454
     436
     456
     472
     472
     449
     439
     440
     512
     512
     623
     642
     523
     482
     495
     400
     450
     493
     441
     471
     448
     454
     479
     445
     474
     468
     439
     456
     503
     476
     482
     474
     464
     439
     441
     491
     485
     531
     487
     450
     436
     478
     394
     428
     475
     416
     466
     416
     416
     402
     426
     428
     402
     418
     423
     388
     394
     439
     442
     474
     448
     425
     399
     421
     386
     403
     443
     395
     392
     436
     428
     425
     401
     395
     389
     374
     414
     447
     376
     368
     403
     411
     378
     402
     397
     397
     380
     387
     372
     409
     412
     358
     396
     385
     394
     395
     416
     386
     372
     397
     397
     409
     429
     380
     417
     423
     390
     388
     362
     428
     369
     452
     458
     733
    1333
    1674
    1507
     861
     558
     405
     372
     360
     371
     402
     338
     332
     346
     376
     302
     380
     347
     390
     310
     357
     342
     350
     339
     353
     353
     353
     371
     362
     371
     324
     343
     363
     369
     343
     334
     361
     322
     374
     331
     365
     314
     322
     339
     329
     331
     312
     347
     335
     310
     371
     360
     309
     336
     308
     328
     297
     299
     307
     311
     282
     322
     335
     295
     275
     288
     310
     275
     295
     297
     317
     287
     293
     294
     270
     294
     303
     330
     306
     304
     276
     296
     275
     271
     304
     294
     289
     281
     295
     286
     308
     299
     278
     302
     280
     249
     291
     295
     276
     281
     250
     251
     273
     276
     266
     265
     296
     251
     270
     279
     255
     293
     294
     290
     249
     274
     280
     264
     270
     231
     252
     288
     278
     307
     285
     341
     397
     354
     313
     235
     253
     256
     242
     301
     278
     264
     239
     292
     336
     607
    1216
    1554
    1215
     633
     324
     256
     236
     215
     215
     212
     249
     217
     232
     236
     209
     230
     198
     242
     214
     212
     226
     217
     225
     241
     226
     224
     223
     212
     221
     216
     224
     234
     210
     193
     241
     258
     251
     246
     243
     212
     247
     282
     291
     296
     280
     215
     199
     214
     202
     236
     207
     180
     216
     220
     215
     208
     202
     188
     212
     212
     213
     190
     216
     226
     207
     229
     209
     214
     248
     307
     298
     272
     252
     250
     273
     237
     222
     191
     211
     224
     234
     247
     270
     252
     213
     190
     192
     187
     188
     180
     187
     211
     224
     202
     188
     225
     203
     212
     218
     208
     188
     192
     190
     216
     200
     218
     213
     187
     174
     178
     198
     202
     163
     205
     188
     192
     203
     182
     182
     182
     200
     192
     183
     195
     203
     193
     179
     154
     192
     226
     429
    1026
    2128
    2872
    2407
    1218
     458
     212
     182
     143
     172
     179
     196
     176
     201
     192
     165
     176
     147
     172
     158
     172
     163
     176
     157
     183
     169
     171
     149
     161
     149
     191
     146
     165
     152
     145
     137
     142
     179
     132
     140
     161
     146
     188
     147
     182
     165
     148
     158
     153
     171
     161
     143
     173
     163
     145
     154
     148
     140
     151
     138
     158
     146
     161
     140
     155
     142
     149
     174
     131
     159
     147
     129
     159
     170
     156
     161
     152
     162
     130
     171
     143
     133
     129
     148
     147
     152
     156
     189
     159
     184
     162
     143
     141
     140
     135
     147
     162
     151
     161
     150
     169
     159
     144
     140
     162
     136
     164
     151
     156
     154
     160
     160
     150
     136
     143
     143
     164
     152
     143
     115
     149
     150
     141
     143
     126
     151
     134
     172
     146
     150
     147
     159
     136
     132
     125
     180
     158
     191
     207
     400
     957
    2276
    3799
    4249
    3075
    1434
     489
     196
     128
     114
     110
     119
     134
      97
     110
     129
     113
     110
     122
     116
      86
     114
     111
     110
     117
      95
     112
     126
     109
     121
     105
     112
     101
     103
     103
      96
     120
      86
     101
     119
     117
      95
     101
      97
     123
     103
     115
     101
     103
     105
      89
     123
     114
     108
     109
     111
     121
     121
     103
     114
      99
     123
     100
     102
     112
     132
     112
      98
     101
      99
     118
     119
      97
     114
     121
     116
     100
      94
     100
     110
     108
     106
     121
     105
     116
     104
     108
     135
     137
     160
     135
     137
     128
     115
     144
     132
     148
     126
     131
     101
     115
     109
     119
     123
      93
     111
     101
      99
     122
     119
     120
     103
     128
     111
     117
      98
     124
     119
     113
     116
     122
     102
     109
     120
     112
     113
     142
     138
     141
     137
     109
     121
     127
     120
     157
     151
     131
     119
      98
     127
     116
     110
     105
     109
     103
     115
     100
      97
     112
     111
     108
     101
     103
     110
      95
      99
      95
     136
     114
     118
     117
     114
     109
     107
      94
     104
     108
     128
     115
     115
     125
     118
     112
     129
     106
     102
     113
     116
      97
      99
     113
     122
     107
     107
     110
     108
      94
      97
     101
      97
     105
      92
     100
     118
     109
      90
      82
      80
     101
      85
      93
      95
      87
      81
      93
      85
      76
      92
      93
      78
      88
      75
      78
     105
      79
      74
      73
      84
      98
      63
      62
      85
     108
      88
      76
      76
      80
      70
      85
      72
      74
      71
      91
      76
      86
      92
     101
      65
      86
      93
      72
      69
      67
     102
      67
      72
      74
      76
      79
      75
      88
      84
      82
      70
      64
      78
      83
      92
     105
      81
     101
      73
      64
      65
      72
      64
      94
      75
      70
      91
      70
      80
      73
      79
     100
      82
      99
      89
      70
      66
      56
      76
      63
      84
      67
      77
      69
      64
      75
      70
      67
      66
      74
      73
      74
      76
      57
      75
      69
      80
      56
      65
      58
      69
      72
      76
      59
      59
      84
      68
      56
      63
      61
      60
      88
      70
      67
      63
      79
      90
      83
      80
      80
      77
      89
      68
      73
      50
      66
      68
      67
      63
      70
      63
      71
      72
      90
      92
      90
      81
      83
      68
      48
      68
      52
      52
      54
      67
      70
      49
      42
      57
      58
      65
      43
      61
      63
      68
      65
      69
      51
      55
      70
      63
      62
      52
      66
      69
      40
      64
      52
      50
      59
      63
      66
      70
      65
      66
      63
      45
      60
      62
      52
      57
      36
      53
      53
      55
      47
      51
      57
      58
      64
      63
      71
      87
      68
      99
      86
      83
      81
      75
      65
      58
      51
      65
      51
      54
      61
      55
      71
      59
      58
      53
      55
      42
      64
      56
      52
      68
      50
      58
      59
      57
      67
      58
      64
      48
      57
      63
      63
      49
      58
      58
      46
      59
      43
      66
      59
      51
      59
      46
      58
      53
      70
      46
      43
      39
      59
      55
      55
      50
      61
      63
      71
      65
      61
      55
      62
      69
      47
      58
      66
      61
      53
      49
      69
      59
      54
      53
      55
      55
      63
      57
      46
      52
      65
      55
      62
      70
      55
      51
      56
      46
      58
      68
      46
      58
      63
      46
      49
      55
      65
      63
      64
      47
      49
      58
      58
      55
      47
      57
      52
      47
      61
      50
      54
      47
      48
      52
      52
      50
      51
      49
      64
      52
      53
      55
      50
      57
      50
      38
      50
      50
      43
      57
      50
      53
      54
      48
      66
      36
      51
      54
      56
      49
      51
      45
      42
      47
      58
      53
      44
      66
      52
      53
      47
      46
      53
      56
      52
      56
      51
      46
      64
      45
      48
      55
      52
      54
      44
      49
      61
      52
      51
      48
      57
      50
      70
      62
      67
      61
      53
      42
      42
      59
      40
      43
      68
      48
      44
      54
      45
      33
      38
      59
      57
      52
      40
      38
      42
      69
      40
      34
      42
      36
      51
      36
      55
      43
      44
      49
      40
      46
      47
      51
      48
      44
      58
      50
      49
      45
      40
      55
      40
      44
      47
      39
      56
      42
      55
      54
      49
      57
      49
      49
      45
      50
      54
      59
      56
      60
      56
      64
      94
     132
     197
     418
     845
    1445
    2015
    2270
    2040
    1450
     789
     333
     110
      56
      47
      42
      42
      40
      36
      45
      36
      38
      44
      48
      30
      34
      45
      47
      38
      27
      37
      33
      46
      42
      23
      38
      41
      24
      34
      32
      39
      44
      31
      41
      33
      41
      27
      35
      41
      28
      33
      30
      29
      32
      34
      33
      24
      39
      27
      27
      44
      35
      38
      39
      43
      33
      28
      40
      38
      36
      36
      46
      32
      40
      36
      36
      32
      33
      26
      45
      31
      35
      37
      38
      36
      37
      42
      31
      38
      30
      32
      46
      32
      41
      42
      31
      34
      38
      32
      25
      40
      20
      18
      35
      29
      36
      31
      25
      34
      44
      37
      35
      33
      38
      41
      28
      28
      46
      41
      30
      34
      28
      25
      35
      29
      37
      37
      42
      31
      32
      22
      41
      30
      20
      35
      31
      29
      34
      23
      24
      43
      34
      56
      61
      71
      73
     107
      92
      80
      67
      48
      24
      31
      30
      34
      36
      34
      20
      36
      36
      31
      37
      35
      39
      37
      23
      25
      36
      20
      30
      28
      34
      35
      33
      30
      34
      25
      34
      36
      33
      26
      39
      38
      32
      36
      24
      35
      30
      30
      40
      36
      41
      29
      38
      34
      35
      18
      41
      38
      37
      35
      28
      37
      23
      34
      26
      31
      38
      30
      35
      42
      26
      33
      25
      22
      24
      30
      43
      28
      36
      32
      27
      32
      35
      33
      31
      25
      31
      43
      43
      34
      46
      27
      38
      29
      34
      31
      55
      55
      54
      58
      48
      47
      51
      28
      39
      34
      42
      27
      35
      28
      41
      41
      36
      31
      39
      48
      40
      24
      28
      39
      40
      30
      33
      29
      26
      23
      34
      39
      34
      28
      31
      26
      36
      30
      43
      31
      40
      39
      52
      51
      41
      55
      34
      42
      37
      24
      29
      40
      28
      33
      30
      27
      22
      34
      26
      31
      28
      31
      29
      24
      26
      33
      29
      29
      39
      27
      43
      37
      23
      37
      33
      31
      32
      34
      33
      29
      35
      39
      27
      31
      37
      28
      45
      33
      29
      36
      35
      25
      33
      28
      32
      38
      37
      47
      44
      50
      48
      58
      31
      42
      23
      38
      24
      20
      29
      32
      26
      32
      20
      29
      29
      28
      37
      37
      34
      27
      31
      30
      33
      31
      21
      42
      39
      34
      28
      39
      22
      21
      34
      31
      29
      34
      35
      27
      36
      32
      14
      30
      33
      20
      32
      32
      27
      31
      33
      28
      35
      34
      37
      29
      34
      41
      37
      42
      47
      64
      69
     107
     117
     182
     184
     181
     169
     119
      93
      38
      39
      38
      33
      38
      28
      36
      26
      29
      36
      27
      22
      29
      37
      30
      38
      26
      33
      40
      32
      21
      32
      38
      32
      39
      35
      19
      37
      26
      28
      28
      32
      29
      26
      49
      29
      48
      55
      67
      75
      64
      54
      43
      43
      47
      25
      33
      33
      32
      32
      27
      37
      20
      33
      37
      36
      28
      29
      23
      17
      27
      27
      33
      34
      35
      33
      31
      23
      23
      30
      23
      26
      29
      20
      34
      38
      23
      32
      32
      27
      33
      32
      30
      37
      25
      42
      51
      43
      60
      91
      67
      70
      51
      46
      33
      38
      28
      27
      35
      31
      42
      36
      24
      30
      30
      30
      33
      27
      29
      24
      36
      36
      33
      28
      48
      23
      26
      37
      27
      27
      37
      23
      27
      31
      36
      35
      35
      29
      30
      38
      31
      26
      27
      39
      27
      26
      34
      41
      32
      37
      37
      39
      28
      27
      30
      25
      23
      28
      33
      31
      33
      21
      32
      36
      34
      47
      29
      34
      33
      23
      35
      28
      41
      35
      34
      37
      39
      29
      35
      40
      54
      41
      30
      38
      24
      29
      34
      34
      36
      31
      29
      32
      34
      27
      26
      23
      33
      23
      38
      40
      26
      30
      43
      28
      32
      26
      31
      20
      32
      20
      34
      32
      30
      29
      36
      43
      32
      35
      37
      31
      29
      32
      34
      26
      21
      28
      32
      19
      23
      23
      32
      38
      28
      31
      26
      28
      30
      27
      34
      29
      37
      22
      39
      28
      35
      45
      35
      33
      30
      25
      28
      24
      33
      27
      32
      28
      33
      18
      23
      25
      35
      33
      32
      35
      31
      39
      34
      39
      30
      34
      26
      30
      35
      26
      32
      28
      30
      25
      31
      31
      24
      21
      28
      24
      18
      28
      35
      28
      32
      41
      31
      44
      32
      38
      29
      28
      26
      32
      29
      23
      32
      37
      33
      31
      33
      26
      37
      28
      36
      27
      31
      40
      35
      27
      34
      29
      36
      23
      35
      43
      37
      31
      37
      32
      33
      34
      23
      27
      30
      25
      32
      27
      33
      39
      37
      20
      23
      39
      34
      28
      31
      44
      38
      26
      37
      38
      27
      39
      30
      31
      37
      23
      30
      36
      40
      32
      27
      23
      38
      31
      33
      32
      32
      36
      33
      37
      33
      27
      37
      35
      35
      32
      22
      38
      32
      22
      34
      26
      39
      23
      38
      24
      32
      19
      21
      21
      24
      32
      26
      33
      15
      17
      31
      24
      32
      24
      28
      25
      27
      25
      36
      36
      21
      28
      32
      36
      27
      23
      28
      37
      29
      38
      48
      80
      69
      83
      97
      89
     114
      72
      60
      46
      32
      31
      35
      20
      23
      28
      28
      30
      22
      21
      27
      25
      26
      28
      27
      21
      17
      29
      23
      24
      27
      18
      27
      18
      26
      30
      23
      26
      25
      25
      30
      28
      22
      29
      29
      20
      26
      24
      21
      19
      26
      21
      24
      26
      27
      34
      26
      23
      33
      27
      31
      28
      22
      27
      28
      13
      25
      25
      23
      27
      24
      24
      18
      25
      19
      29
      27
      24
      35
      34
      29
      29
      36
      34
      29
      27
      27
      17
      26
      24
      25
      22
      21
      23
      22
      23
      27
      26
      24
      31
      20
      23
      23
      16
      21
      23
      19
      23
      29
      26
      34
      21
      23
      12
      29
      20
      24
      22
      25
      23
      19
      21
      29
      28
      28
      17
      23
      23
      26
      24
      22
      18
      25
      17
      19
      28
      26
      19
      29
      28
      25
      28
      29
      30
      27
      21
      17
      27
      19
      21
      18
      23
      26
      28
      25
      24
      21
      23
      22
      29
      17
      25
      21
      23
      14
      22
      33
      34
      33
      40
      29
      44
      36
      35
      33
      30
      29
      23
      27
      27
      27
      19
      19
      26
      28
      35
      21
      27
      17
      31
      15
      28
      28
      23
      23
      22
      17
      30
      27
      21
      24
      19
      18
      27
      32
      14
      26
      17
      17
      28
      12
      28
      24
      18
      26
      33
      21
      22
      22
      25
      21
      21
      20
      26
      27
      24
      14
      22
      17
      24
      25
      25
      19
      23
      23
      24
      22
      26
      21
      20
      23
      17
      13
      24
      23
      16
      20
      20
      24
      28
      15
      22
      20
      15
      20
      20
      14
      17
      19
      22
      13
      21
      24
      24
      22
      18
      17
      16
      16
      16
      17
      15
      20
      17
      23
      21
      25
      18
      21
      15
      25
      23
      29
      19
      23
      18
      15
      16
      20
      21
      16
      21
      24
      24
      30
      25
      29
      19
      26
      30
      19
      30
      20
      22
      21
      19
      16
      23
      13
      22
      15
      17
      14
      18
      19
      17
      13
      17
      21
      21
      12
      22
      17
      27
      19
      20
      20
      26
      14
      19
      12
      12
      22
      21
      14
      22
      16
      22
      20
      34
      27
      29
      24
      22
      23
      34
      23
      17
      17
      23
      24
      23
      24
      22
      25
      18
      13
      18
      17
      23
      20
      22
      15
      24
      23
      16
      17
      13
      20
      19
      13
      22
      16
      16
      18
      21
      18
      18
      23
      22
      16
      11
      21
      21
      21
      19
      15
      20
      27
      13
      21
      17
      18
       9
      16
      14
      13
      15
      16
      16
      23
      14
      23
      19
      26
      14
      24
      21
      13
      19
      22
      22
      11
      14
      13
      11
      21
      16
      20
      19
      25
      26
      26
      20
      18
      26
      21
      17
      19
      21
      20
      22
      24
      17
       9
      19
      17
      19
      19
      16
      16
      22
      24
      18
      15
      20
      13
      21
      11
      20
      20
      21
      18
      22
      23
      27
      22
      39
      42
      37
      52
      87
     107
     174
     219
     311
     276
     301
     299
     216
     202
     122
      73
      45
      17
      22
      17
      19
      19
      13
      14
      14
      17
       8
      11
      15
      23
      23
      21
      17
      14
      23
      19
      16
      20
      25
      25
      21
      13
      22
      16
      23
      26
      24
      17
      16
      20
      15
      17
      15
      16
      17
      16
      15
      20
      14
      22
      14
      23
      21
      17
      23
      12
      19
      10
      15
      17
      19
      13
      15
      20
      24
      21
      13
      16
      15
      18
      19
      12
      17
      18
       8
      22
      14
      20
      15
      26
      22
      20
      33
      38
      36
      34
      51
      53
      49
      45
      35
      28
      28
      13
      25
      17
      15
      17
      13
      17
      20
      12
      19
      18
      13
      15
      23
      10
      18
      11
      13
      16
      17
      21
      14
      20
      14
      20
      17
      19
      16
      25
      16
      20
      16
      10
      13
      19
      20
      13
      22
      14
      18
      15
      13
      15
      16
      18
      19
      12
      14
      13
      15
      22
      21
      20
      11
      15
      26
      19
      29
      17
      15
      22
      16
      16
      26
      16
      16
      12
      18
      18
      11
      10
      18
      18
      12
      19
      22
      15
      19
       8
      17
      12
      17
      16
       8
      11
       8
      11
      13
      29
      16
      10
      15
      12
      15
      14
      18
      13
      10
       9
      12
      16
      25
      18
      11
       8
      15
      12
      17
      11
      25
      18
      17
      17
      17
      17
      13
      17
      16
      19
      12
      18
      22
      17
      22
      21
      22
      21
      28
      31
      16
      17
      13
      16
      11
      15
      15
       8
      24
      11
      19
      17
      19
      10
      15
      15
      12
      21
      14
      12
      12
       9
      13
      17
       5
      13
      17
      18
      12
      14
      14
      20
       6
      15
      17
       9
      15
      10
      14
      11
      12
      15
      12
      17
      14
      12
      14
      16
      14
      12
      17
      16
      14
      15
      20
      17
      10
      17
      18
      16
      21
      22
      21
      31
      38
      48
      66
     102
      97
     105
      98
     107
      91
     100
      69
      46
      26
      12
      15
      10
      16
      11
      14
       7
      14
       9
      12
      12
      13
      12
      11
       9
      19
      15
       9
      17
      10
      12
      10
      16
      15
      10
      11
       8
      14
      16
      19
      20
      19
      12
      23
      21
      15
      13
      17
      12
      14
       8
      10
      11
      10
      19
      16
      16
      14
      22
      10
      13
      16
       7
      10
      15
      12
      10
      11
      15
      11
      13
      10
      20
      11
       9
      11
      17
      12
      11
      13
       4
      19
      15
       8
      11
      11
       9
      19
      12
      16
      19
      16
      22
      11
      18
       8
      18
      12
      19
      21
      13
      14
      20
      13
      25
      30
      24
      37
      41
      25
      31
      31
      33
      28
      23
      19
      28
       9
      17
       8
      13
       8
      12
      12
       6
      13
      17
      14
      13
      17
      12
      12
      12
      13
      14
      11
       9
      14
      12
      11
      12
      11
      16
      20
      11
       7
      11
      10
       3
      17
      14
      22
       9
      15
      16
      14
      10
      12
      16
      10
      11
      13
      17
      14
      24
      16
      14
      11
      14
      23
      13
      10
      12
      16
      12
      12
       6
      16
      16
      11
      13
      10
       9
      13
      14
      12
      14
      12
      12
      10
      12
      11
      20
      11
      13
      17
      20
      11
      22
      15
      25
      19
      13
      14
      11
      10
      16
      13
      13
      10
      14
      15
      12
      19
      12
       9
      13
      11
      13
      19
      10
      19
      16
      16
      16
      14
      10
      13
       7
      17
      13
      19
      18
      12
      14
      12
      17
      18
      10
      12
      10
       9
       6
       6
      12
       6
      13
      10
      12
      10
      18
       4
      15
      10
      19
      18
      13
      10
      10
      17
      14
       8
      10
      10
      13
      15
      10
      15
       6
      12
      10
      10
       8
      17
      11
      16
      12
      13
      12
      12
      13
      12
      19
      11
       9
      17
       9
      12
      22
      15
       9
      12
       6
      10
      14
       8
      16
       8
      11
      10
      17
      15
      14
      12
       7
      14
      11
      15
       9
       7
      10
      12
      13
      22
      10
      17
      16
      14
      14
      10
      14
      14
      11
       9
       9
      12
      14
      11
       7
      12
      19
      13
      13
      16
       9
      13
      13
      19
      14
      19
      20
      21
      17
      29
      41
      40
      34
      64
      67
      64
      76
      71
      56
      55
      35
      26
      28
      18
      13
      15
      10
      20
      12
      17
      16
      22
      21
      24
      22
      28
      13
      17
      18
      20
      20
      15
      14
      10
      14
      10
      15
       7
      14
      12
       9
      11
      10
      12
       8
      10
       6
       9
      10
      22
      16
       6
      18
       8
       9
      10
       8
      20
      15
      21
      19
      20
      28
      35
      28
      27
      33
      33
      23
      28
      21
      16
      13
      19
      11
      26
      31
      36
      34
      33
      45
      34
      51
      34
      42
      28
      30
      22
      16
      19
      14
       9
      21
       8
       9
       8
      16
       7
      17
      13
      16
      17
       9
      10
      11
      12
      15
      11
      12
      11
      14
       8
       8
      14
      14
      16
       8
       8
      11
      13
      11
      12
      13
       9
      14
      13
       7
      17
      15
      15
      14
      10
       8
      16
      10
       5
      18
       8
      10
      13
       9
       8
      15
      15
       7
       8
      10
      13
      24
      13
      12
       9
      11
      13
      14
       9
      21
      14
      11
      15
      11
       9
      11
       9
      16
       7
      14
      13
       8
      13
      12
      13
       8
      16
       9
       9
      20
      12
      11
      13
      10
      10
      10
       7
      11
      10
      16
      13
      12
      15
      14
      10
      16
       8
       8
      11
       5
      16
      11
      11
      12
      17
      10
       9
      13
      15
      16
      14
      18
      25
      20
      17
      25
      23
      15
      29
      22
      17
      19
       7
      10
      16
      11
       9
       8
       9
      14
      13
       8
      12
      22
      15
      14
      17
      15
      13
      10
      11
      11
      11
      17
      10
      12
      12
       7
      14
      13
       9
      13
      15
      11
      12
      11
      10
      11
      12
      15
      15
      13
      19
       9
      13
      12
      11
      17
      13
      13
      11
       6
       8
      11
      14
      16
      15
      21
      12
       6
      14
      13
       9
      19
      12
      24
      12
      17
      17
      15
      18
      16
      17
      19
       7
      17
      15
      15
       8
      17
      12
       7
       7
      12
      14
      21
      10
      15
      16
       8
      20
      16
      14
      21
      11
      14
      13
      13
      14
      17
      19
      21
      13
      14
      11
      14
       9
      12
      15
      23
      29
      30
      37
      26
      30
      25
      25
      48
      27
      27
      23
      26
      14
      11
      13
      12
      15
      11
       7
      19
      18
       8
      17
      10
      15
      19
      13
      12
      14
      13
      10
       7
      11
      15
       9
      16
      18
      10
       8
      10
      11
       9
       5
      14
       9
       6
      16
      14
      11
      12
      15
      10
      12
      17
      18
      18
      15
      13
      14
       9
      18
      10
      17
      14
      16
      16
      17
      12
      18
      19
      12
      18
      19
      15
      15
      22
      19
      12
      17
      17
      12
      26
      14
      13
      17
      20
      19
      12
      19
      15
      17
      20
      14
      16
      11
      15
       9
       9
      10
      12
      11
       5
       8
      10
       8
      10
      10
      15
      10
       7
      12
      11
      10
       8
       3
       8
      10
      17
       7
       9
      10
       5
       8
      11
      11
       6
      10
       7
      10
      10
       6
       7
      10
      12
       8
       8
       7
       6
       7
      12
      12
      13
       7
       8
      10
      11
       7
      10
      11
      10
      13
       9
      11
       3
       8
      14
      12
      12
      10
       7
       5
       7
       9
       9
       6
       5
       9
       8
       8
       6
      13
       3
       8
      12
       8
       8
      12
      10
       8
       4
      14
       7
      11
       9
      13
      19
      16
      15
      20
      10
      16
      20
       8
      21
      13
      11
       9
      14
      12
      11
       7
       8
       9
       6
      12
       7
       6
      10
       7
       4
      11
       6
       8
       8
      12
      10
       9
      14
      13
      10
       9
      10
      13
       4
       6
      11
      10
      12
      18
      10
      13
       9
       8
      11
       5
      10
       8
       9
       7
       6
      10
       9
       5
       8
       6
       1
       8
       8
      11
      10
       2
       4
       4
      10
       4
       9
       1
      12
       7
       3
       8
      10
       4
      12
       8
       6
      11
       6
       4
       7
       9
       7
       6
       7
       7
       3
       8
       9
      11
      10
       8
       5
       5
       2
       9
       7
      11
       6
      10
       7
       5
       4
       4
       4
       8
       2
       4
       2
       7
       5
       4
       7
      10
      13
       4
       5
       2
       2
       5
       7
       1
       8
       8
       4
       4
       5
       5
       7
       4
       8
       4
       6
       5
       5
      10
       2
       5
       6
       3
       6
       6
       9
       7
       4
       9
       5
       6
       7
       2
       5
       6
       6
      11
       5
       6
       5
       4
       2
      10
       4
       5
      10
       3
       9
       4
       6
       4
       5
       3
       7
       5
       6
       3
       4
       6
       5
       7
      10
       6
       6
      10
       2
       8
      12
       6
       9
       8
      13
      16
      29
      12
      15
      18
      15
      13
      11
      14
      11
      14
       9
       6
       7
       8
       5
       5
       3
       5
       5
       4
       1
       5
       6
       6
       1
       3
       8
       3
       6
       4
       3
       4
       7
       4
       6
       3
      10
       2
      12
       4
       1
       2
       6
       5
       4
       3
       4
       3
       2
       4
       3
       6
       6
       3
       4
       4
       7
       2
       6
       5
       3
       8
       1
       3
       6
       6
       5
       3
       5
       2
       7
       2
       4
      10
       2
       6
       5
       3
       9
       4
       5
       2
       7
       9
       6
       3
       9
       3
       8
       7
       3
       3
       4
       3
       5
       4
       2
       7
       5
       4
       2
       5
       2
       5
       3
       1
       3
       2
       4
       6
       3
       0
       4
       1
       2
       4
       7
       3
       0
       3
       9
       8
       5
       2
       4
       2
       2
       4
       4
       2
       5
       4
       6
       1
       4
       4
       3
       3
       3
       4
       8
       0
       2
       2
       3
       5
       7
       3
       1
       3
       2
       2
       3
       5
       2
       4
       7
       5
       3
       2
       3
       8
      11
       6
      12
       7
      15
      15
      23
      28
      26
      37
      22
      27
      33
      33
      17
      24
      29
      12
       9
       4
       7
       2
       0
       5
       4
       2
       6
       3
       1
       2
       4
       5
       3
       4
       2
       4
       5
       3
       6
       2
       4
       3
       7
       6
       5
       2
       3
       4
       2
       5
       7
       6
       1
       4
       5
       2
       1
       3
       3
       1
       3
       5
       1
       4
       4
       4
       3
       1
       4
       5
       4
       1
       6
       4
       3
       3
       2
       6
       7
      12
       5
      10
      13
      10
      10
       6
      12
      21
      20
      41
      40
      66
     101
     110
     117
     153
     139
     118
     136
     138
     148
     115
     107
      64
      54
      30
      25
       6
       5
       8
       3
       6
       1
       5
       7
       2
       1
       0
       4
       0
       2
       3
       3
       2
       2
       3
       6
       5
       5
       1
       1
       0
       2
       1
       0
       3
       4
       3
       1
       2
       1
       7
       3
       1
       3
       0
       3
       0
       3
       3
       3
       6
       4
       4
       3
       6
       5
       4
       3
       3
       1
       3
       2
       4
       4
       1
       4
       4
       1
       3
       4
       1
       1
       2
       4
       2
       4
       4
       3
       3
       3
       5
       2
       2
       2
       5
       5
       2
       3
       2
       4
       4
       4
       6
       8
       0
       4
       7
       0
       3
       1
       3
       1
       3
       0
       1
       4
       5
       1
       2
       4
       1
       2
       1
       2
       4
       4
       1
       2
       0
       4
       2
       4
       1
       3
       3
       3
       4
       1
       2
       5
       4
       5
       1
       4
       1
       1
       2
       1
       7
       6
       3
       3
       4
       2
       3
       3
       4
       2
       1
       3
       3
       1
       3
       4
       4
       4
       7
       1
       3
       3
       3
       4
       5
       6
       4
       3
       4
       3
       1
       3
       1
       4
       3
       7
       5
       3
       7
       2
       6
       5
       5
       8
       7
       9
       7
       7
       4
       7
       2
       1
       3
       1
       6
      10
      10
      17
       7
      14
      30
      24
      24
      26
      17
      14
      20
      21
      19
      21
      13
      10
       9
       2
       0
       0
       0
       5
       3
       1
       3
       3
       0
       2
       1
       4
       5
       6
       3
       4
       1
       2
       3
       3
       5
       9
       4
       2
       4
       5
       4
       0
       2
       2
       3
       8
       3
       4
       4
       2
       3
       5
       2
       2
       0
       2
       6
       1
       1
       3
       2
       4
       2
       3
       4
       3
       0
      10
       3
       7
       6
       4
       5
       5
       5
       8
       4
       3
       7
       4
       1
       5
       6
       0
       3
       2
       2
       1
       3
       5
       4
       1
       3
       2
       2
       0
       4
       4
       4
       1
       0
       2
       6
       4
       3
       4
       0
       5
       4
       5
       4
       6
       1
       4
       3
       7
       2
       3
       6
       3
       5
       1
       4
       5
       3
       5
       3
       6
       1
       3
       3
       0
       4
       4
       2
       7
       4
       0
       2
       2
       3
       1
       4
       2
       2
       3
       3
       3
       2
       3
       0
       4
       2
       3
       2
       1
       1
       4
       7
       2
       1
       4
       7
       3
       4
       2
       8
       3
       3
       8
       0
       1
       2
       2
       5
       3
       3
       1
       4
       2
       3
       1
       2
       3
       1
       4
       1
       1
       1
       2
       2
       1
       2
       4
       5
       6
       5
       2
       3
       3
       4
       1
       2
       4
       3
       3
       3
       5
       3
       3
       6
       5
       2
       3
       1
       2
       3
       1
       4
       3
       2
       3
       5
       6
       8
       5
       3
       2
       5
       5
       6
       9
       2
       4
       4
       5
       6
       3
       0
       3
       4
       2
       2
       2
       3
       1
       0
       3
       2
       3
       1
       3
       4
       3
       3
       3
       6
       1
       2
       3
       2
       1
       1
       2
       1
       3
       4
       4
       2
       4
       1
       0
       1
       4
       2
       2
       2
       2
       3
       0
       2
       2
       7
       3
       5
       0
       3
       3
       3
       0
       6
       1
       5
       6
       6
       2
       5
       5
       3
       2
       3
       5
       5
       4
       3
       4
       4
       2
       3
       6
       6
       1
       2
       2
       4
       1
       3
       0
       2
       2
       1
       2
       5
       2
       4
       2
       2
       2
       2
       4
       1
       2
       1
       1
       5
       2
       0
       3
       3
       1
       0
       3
       2
       1
       1
       3
       2
       1
       1
       6
       1
       5
       2
       1
       3
       0
       3
       1
       0
       2
       2
       2
       3
       1
       2
       3
       0
       2
       3
       1
       2
       5
       4
       4
       4
       3
       5
       2
       0
       1
       2
       2
       3
       3
       2
       3
       2
       2
       2
       2
       4
       0
       2
       4
       1
       3
       2
       0
       2
       3
       3
       2
       1
       1
       0
       1
       2
       4
       3
       1
       4
       2
       4
       4
       4
       1
       1
       3
       2
       2
       2
       5
       2
       4
       3
       1
       3
       4
       1
       3
       5
       1
       2
       2
       2
       3
       3
       0
       0
       4
       2
       2
       2
       1
       3
       4
       3
       1
       0
       1
       1
       0
       3
       3
       3
       1
       2
       4
       2
       1
       1
       1
       3
       3
       0
       0
       2
       0
       0
       1
       0
       2
       0
       1
       3
       2
       1
       2
       1
       1
       1
       0
       2
       2
       1
       1
       1
       1
       2
       1
       1
       0
       0
       2
       1
       1
       3
       2
       1
       1
       2
       1
       1
       1
       1
       1
       5
       4
       2
       2
       1
       1
       4
       0
       0
       1
       1
       3
       0
       1
       3
       4
       2
       3
       0
       2
       1
       1
       2
       4
       2
       1
       3
       1
       3
       3
       0
       1
       0
       0
       3
       0
       4
       2
       1
       6
       0
       2
       1
       2
       2
       0
       2
       3
       1
       1
       0
       2
       2
       0
       1
       3
       2
       1
       1
       1
       1
       2
       2
       1
       0
       2
       1
       1
       0
       0
       1
       1
       0
       2
       0
       1
       0
       1
       1
       0
       1
       1
       0
       1
       2
       1
       2
       1
       2
       1
       2
       1
       2
       1
       2
       0
       1
       1
       1
       0
       0
       2
       1
       3
       1
       4
       0
       3
       2
       1
       0
       0
       1
       2
       1
       0
       0
       0
       0
       2
       2
       2
       0
       0
       1
       0
       0
       2
       0
       0
       3
       2
       2
       0
       1
       0
       3
       4
       2
       1
       0
       0
       2
       4
       0
       3
       1
       1
       1
       1
       1
       4
       0
       1
       2
       2
       2
       3
       2
       2
       0
       4
       6
       7
       9
       7
       4
       3
       7
       7
       5
       6
      10
       6
      14
      10
       9
       9
       2
       2
       4
       2
       0
       0
       2
       1
       2
       1
       1
       0
       1
       1
       1
       1
       1
       0
       1
       0
       1
       0
       0
       1
       1
       1
       0
       3
       0
       2
       3
       2
       1
       0
       2
       2
       1
       2
       0
       2
       0
       0
       0
       0
       1
       0
       0
       0
       0
       0
       2
       1
       0
       0
       2
       1
       2
       0
       1
       5
       2
       0
       3
       0
       2
       0
       3
       0
       1
       0
       5
       1
       1
       0
       1
       1
       0
       2
       1
       1
       2
       1
       0
       0
       3
       2
       1
       1
       0
       1
       0
       1
       1
       3
       3
       1
       3
       0
       0
       0
       0
       1
       2
       0
       1
       0
       1
       2
       0
       1
       1
       0
       2
       0
       2
       2
       2
       0
       2
       0
       1
       0
       1
       0
       0
       1
       0
       0
       0
       1
       1
       1
       2
       0
       0
       0
       1
       2
       0
       0
       1
       2
       0
       2
       0
       0
       1
       4
       0
       0
       2
       1
       2
       1
       1
       3
       1
       1
       1
       2
       2
       2
       1
       2
       2
       1
       1
       1
       1
       1
       0
       1
       0
       0
       2
       2
       3
       1
       4
       0
       0
       2
       1
       0
       4
       2
       2
       0
       2
       2
       4
       5
       7
       4
       6
       7
      11
      10
       7
      15
      25
      22
      24
      30
      25
      28
      29
      19
      32
      27
      38
      17
      15
      20
       8
       3
       2
       6
       1
       1
       0
       1
       3
       0
       0
       3
       0
       0
       0
       0
       3
       0
       0
       0
       1
       0
       0
       0
       1
       1
       0
       2
       0
       1
       0
       0
       0
       2
       0
       2
       1
       2
       0
       0
       0
       0
       0
       1
       0
       0
       0
       1
       0
       1
       0
       0
       0
       1
       1
       0
       0
       2
       0
       1
       3
       0
       0
       0
       0
       1
       0
       0
       1
       2
       0
       0
       0
       1
       0
       0
       2
       1
       0
       0
       0
       0
       0
       2
       0
       0
       0
       0
       0
       2
       1
       0
       1
       0
       1
       1
       1
       0
       0
       1
       1
       1
       1
       2
       0
       1
       0
       0
       0
       0
       2
       0
       1
       2
       0
       0
       0
       0
       0
       2
       1
       1
       0
       0
       1
       1
       1
       0
       0
       1
       0
       0
       1
       0
       0
       0
       0
       0
       0
       0
       0
       0
       0
       0
       0
       0
       0
       1
       1
       0
       0
       2
       1
       2
       0
       0
       0
       0
       0
       0
       0
       1
       0
       0
       0
       1
       1
       0
       0
       1
       0
       0
       0
       0
       0
       1
       0
       1
       0
       0
       0
       0
       0
       0
       1
       0
       0
       2
       0
       1
       0
       1
       0
       1
       1
       1
       0
       1
       0
       1
       1
       1
       2
       2
       3
       2
       3
       2
       0
       2
       0
       0
       0
       2
       3
       3
       3
       5
       4
       2
       0
       1
       1
       0
       1
       1
       1
       1
       2
       0
       0
       0
       0
       0
       0
       0
       1
       0
       0
       1
       0
       1
       0
       2
       0
       0
       0
       0
       0
       0
       0
       1
       0
       0
       0
       0
       0
       0
       1
       0
       0
       2
       0
       1
       0
       0
       0
       1
       1
       0
       0
       0
       0
       0
       1
       0
       0
       0
       1
       0
       0
       1
       1
       1
       0
       0
       0
       0
       1
       1
       0
       0
       0
       0
       0
       1
       2
       0
       0
       1
       1
       0
       0
       0
       0
       0
       0
       0
       0
       0
       1
       1
       0
       1
       0
       1
       0
       0
       1
       0
       0
       0
       1
       0
       0
       2
       0
       1
       0
       0
       1
       0
       0
       0
       0
       0
       0
       0
       0
       0
       0
       0
       1
       0
       0
       0
       0
       0
       0
       0
       0
       0
       1
       0
       0
       0
       0
       0
       0
       1
       0
       0
       0
       0
       0
       0
       1
       0
       0
       0
       0
       1
       0
       0
       0
       0
       0
       0
       1
       0
       0
       0
       1
       0
       0
       0
       0
       0
       0
       2
       0
       0
       0
       1
       0
       1
       1
       0
       0
       0
       0
       0
       0
       0
       1
       0
       0
       0
       0
       0
       1
       0
       0
       0
       0
       0
       0
       0
       1
       0
       0
       0
       1
       1
       0
       0
       1
       0
       1
       0
       0
       0
       0
       0
       0
       1
       0
       0
       0
       0
       0
       0
       0
       0
       1
       0
       0
       1
       0
       0
       0
       0
       0
       0
       0
       0
       0
       1
       1
       0
       0
       1
       0
       0
       0
       0
       0
       0
       1
       1
       0
       0
       0
       0
       0
       1
       1
       1
       0
       3
       0
       0
       0
       0
       0
       0
       0
       1
       1
       2
       0
       0
       0
       0
       0
       1
       1
       0
       0
       1
       1
       0
       0
       1
       1
       0
       0
       0
       0
       0
       0
       0
       0
       0
       0
       0
       0
       0
       0
       0
       0
       1
       0
       0
       0
       0
       0
       0
       0
       0
       0
       0
       0
       1
       0
       0
       0
       0
       0
       0
       0
       2
       0
       0
       0
       0
       0
       0
       0
       0
       0
       0
       0
       1
       1
       0
       0
       0
       0
       0
       0
       0
       0
       0
       0
       1
       0
       1
       0
       0
       0
       0
       0
       2
       0
       1
       0
       0
       0
       0
       0
       1
       2
       1
       1
       3
       7
       5
       3
       8
       5
       5
      13
       4
       5
       8
       7
      10
       6
      10
       4
       5
       4
       1
       1
       1
       1
       1
       0
       0
       0
       0
       0
       0
       0
       0
       0
       0
       1
       0
       0
       0
       0
       2
       1
       0
       0
       0
       0
       0
       0
       0
       0
       1
       0
       0
       0
       0
       0
       0
       1
       0
       1
       0
       0
       0
       0
       0
       1
       0
       0
       0
       0
       0
       0
       0
       1
       0
       0
       0
       0
       0
       0
       0
       0
       0
       0
       0
       0
       0
       0
       0
       0
       0
       1
       0
       0
       0
       0
       1
       0
       0
       0
       0
       0
       0
       0
       1
       0
       0
       0
       0
       0
       0
       0
       0
       0
       0
       0
       0
       0
       0
       1
       0
       0
       1
       0
       0
       1
       1
       0
       0
       0
       0
       0
       0
       1
       0
       1
       0
       0
       2
       0
       0
       0
       0
       0
       0
       0
       0
       0
       0
       0
       0
       0
       1
       0
       0
       0
       0
       0
       0
       0
       0
       0
       1
       0
       0
       1
       0
       0
       0
       0
       0
       0
       0
       0
       0
       0
       0
       0
       0
       0
       0
       1
       0
       0
       0
       0
       0
       0
       0
       0
       0
       0
       0
       0
       0
       0
       0
       0
       0
       0
       0
       0
       0
       0
       0
       0
       0
       0
       0
       0
       0
       0
       0
       0
       0
       0
       0
       0
       0
       0
       0
       0
       0
       0
       0
       0
       1
       0
       0
       0
       0
       0
       0
       0
       0
       0
       0
       0
       0
       0
       0
       0
       0
       0
       0
       0
       0
       0
       0
       0
       0
       0
       0
       0
       0
       0
       0
       0
       0
       0
       0
       0
       0
       0
       0
       0
       0
       0
       0
       0
       0
       0
       0
       1
       0
       0
       0
       0
       0
       0
       0
       0
       0
       0
       0
       0
       0
       0
       0
       0
       0
       0
       0
       0
       0
       0
       0
       0
       0
       0
       0
       0
       0
       0
       0
       0
       0
       0
       0
       0
       0
       0
       1
       0
       0
       0
       0
       0
       0
       0
       0
       1
       0
       0
       0
       0
       0
       1
       0
       0
       0
       0
       0
       0
       0
       0
       0
       0
       0
       0
       0
       0
       0
       0
       0
       0
       0
       1
       0
       0
       0
       0
       0
       0
       0
       0
       0
       0
       0
       1
       0
       1
       0
       0
       0
       1
       0
       0
       0
       0
       0
       0
       0
       0
       0
       0
       0
       0
       0
       0
       0
       0
       1
       0
       0
       0
       0
       1
       0
       0
       0
       0
       0
       0
       0
       0
       0
       0
       0
       0
       1
       0
       0
       0
       0
       0
       1
       0
       0
       0
       1
       0
       0
       0
       0
       0
       0
       1
       0
       0
       4
       1
       0
       0
       1
       1
       2
       1
       0
       2
       0
       1
       1
       0
       0
       1
       0
       1
       0
       0
       0
       0
       0
       0
       0
       0
       0
       0
       0
       0
       1
       1
       0
       0
       1
       0
       0
       0
       0
       0
       0
       0
       0
       1
       0
       0
       0
       0
       0
       0
       0
       0
       0
       0
       0
       0
       0
       0
       0
       1
       0
       0
       0
       0
       0
       0
       0
       0
       0
       0
       0
       0
       0
       0
       0
       0
       0
       0
       1
       1
       0
       0
       0
       0
       0
       0
       0
       0
       0
       1
       0
       0
       0
       0
       0
       0
       0
       0
       0
       0
       0
       0
       0
       0
       0
       0
       0
       0
       0
       0
       0
       0
       0
       1
       0
       0
       0
       0
       0
       0
       0
       0
       0
       1
       0
       0
       0
       0
       0
       0
       0
       1
       0
       0
       0
       0
       0
       0
       0
       0
       0
       0
       0
       0
       0
       0
       0
       0
       0
       0
       0
       0
       0
       0
       0
       1
       0
       1
       0
       0
       0
       0
       0
       0
       0
       0
       1
       0
       0
       0
       0
       0
       0
       0
       0
       0
       0
       0
       0
       0
       0
       0
       0
       0
       0
       0
       0
       0
       0
       0
       0
       0
       0
       1
       0
       0
       0
       0
       0
       0
       0
       0
       0
       0
       0
       0
       0
       0
       0
       1
       0
       0
       2
       0
       0
       0
       0
       0
       0
       0
       0
       0
       0
       0
       0
       0
       0
       0
       0
       0
       0
       0
       0
       0
       0
       0
       0
       0
       0
       0
       0
       0
       1
       0
       0
       0
       0
       0
       0
       0
       0
       1
       0
       0
       0
       0
       0
       0
       0
       0
       0
       0
       0
       1
       0
       0
       0
       0
       0
       0
       0
       0
       0
       1
       0
       0
       0
       0
       0
       0
       0
       0
       0
       0
       0
       0
       0
       0
       0
       0
       0
       0
       2
       0
       0
       0
       1
       0
       0
       0
       0
       0
       0
       0
       0
       0
       0
       0
       0
       0
       0
       0
       0
       0
       0
       1
       0
       0
       0
       0
       0
       0
       0
       0
       0
       0
       0
       0
       0
       0
       0
       0
       0
       0
       0
       0
       0
       0
       0
       0
       0
       0
       0
       0
       0
       0
       0
       0
       0
       0
       0
       0
       0
       0
       0
       0
       0
       0
       0
       0
       0
       0
       0
       0
       0
       1
       1
       0
       0
       0
       0
       0
       0
       0
       0
       0
       0
       0
       0
       1
       0
       0
       0
       0
       0
       0
       0
       0
       0
       0
       0
       0
       0
       0
       1
       1
       0
       0
       0
       0
       0
       0
       0
       0
       0
       0
       0
       0
       0
       0
       0
       0
       0
       0
       0
       0
       0
       0
       0
       0
       0
       0
       0
       0
       0
       0
       0
       1
       1
       1
       0
       0
       0
       0
       0
       0
       0
       0
       0
       0
       0
       0
       0
       0
       0
       0
       0
       1
       0
       0
       0
       0
       0
       0
       0
       0
       0
       0
       0
       0
       0
       0
       0
       0
       0
       0
       0
       0
       0
       0
       0
       0
       0
       0
       1
       0
       0
       0
       0
       0
       0
       0
       0
       0
       0
       0
       0
       0
       0
       0
       0
       0
       0
       0
       0
       0
       0
       0
       0
       0
       0
       0
       0
       0
       0
       0
       0
       0
       0
       0
       0
       1
       0
       0
       0
       0
       0
       0
       0
       0
       0
       0
       0
       0
       0
       0
       0
       0
       0
       0
       0
       0
       0
       0
       0
       0
       1
       0
       0
       0
       0
       0
       0
       0
       0
       0
       0
       0
       0
       0
       0
       0
       0
       0
       0
       0
       0
       0
       0
       0
       0
       0
       0
       0
       1
       0
       1
       0
       0
       0
       0
       0
       0
       0
       0
       0
       0
       0
       0
       0
       0
       0
       0
       0
       0
       0
       0
       0
       0
       0
       0
       0
       0
       0
       0
       0
       0
       0
       0
       0
       0
       0
       0
       0
       0
       0
       0
       0
       0
       0
       0
       0
       0
       0
       0
       0
       0
       0
       0
       0
       0
       0
       0
       0
       0
       0
       0
       0
       0
       0
       0
       0
       0
       0
       0
       1
       0
       0
       0
       0
       0
       0
       0
       0
       0
       0
       0
       0
       0
       0
       0
       0
       0
       0
       0
       0
       0
       0
       0
       0
       0
       0
       0
       0
       0
       0
       0
       0
       0
       0
       0
       0
       0
       0
       0
       0
       0
       0
       0
       0
       0
       0
       0
       0
       0
       0
       0
       0
       0
       0
       0
       0
       0
       0
       0
       0
       1
       0
       0
       0
       0
       0
       0
       0
       0
       1
       0
       0
       0
       0
       0
       0
       0
       0
       0
       1
       0
       0
       0
       0
       0
       0
       0
       0
       0
       0
       1
       0
       0
       0
       0
       0
       0
       0
       0
       0
       0
       0
       0
       0
       0
       0
       0
       0
       1
       0
       0
       0
       0
       0
       0
       0
       0
       0
       0
       0
       0
       0
       0
       0
       0
       0
       0
       0
       0
       0
       0
       0
       0
       0
       0
       0
       0
       0
       0
       0
       0
       1
       1
       0
       0
       0
       0
       0
       0
       0
       0
       0
       0
       0
       0
       0
       0
       0
       0
       1
       0
       0
       0
       0
       0
       0
       0
       0
       0
       0
       0
       0
       0
       0
       0
       1
       0
       0
       0
       0
       0
       0
       0
       0
       0
       0
       0
       0
       0
       0
       0
       0
       0
       0
       0
       0
       0
       0
       0
       0
       0
       0
       0
       0
       0
       0
       0
       0
       0
       0
       0
       0
       0
       0
       0
       0
       0
       0
       0
       0
       0
       1
       0
       0
       0
       0
       0
       0
       0
       0
       0
       0
       0
       0
       0
       0
       0
       0
       0
       0
       0
       0
       0
       0
       0
       0
       0
       0
       0
       0
       0
       0
       0
       0
       0
       0
       0
       0
       0
       0
       0
       0
       0
       0
       0
       0
       0
       0
       0
       1
       0
       0
       0
       0
       0
       0
       1
       0
       0
       0
       0
       0
       0
       0
       0
       0
       0
       0
       0
       0
       0
       0
       0
       0
       0
       0
       0
       0
       0
       0
       0
       0
       0
       0
       0
       0
       0
       0
       0
       0
       0
       0
       0
       0
       0
       0
       0
       0
       0
       0
       0
       0
       0
       0
       0
       0
       0
       0
       0
       0
       0
       0
       0
       0
       0
       0
       0
       0
       0
       0
       1
       0
       0
       0
       0
       0
       0
       0
       0
       0
       1
       0
       0
       0
       0
       0
       0
       0
       0
       0
       0
       0
       0
       0
       0
       0
       0
       0
       0
       0
       0
       0
       0
       0
       0
       0
       0
       0
       0
       0
       0
       0
       0
       0
       0
       0
       0
       0
       0
       0
       0
       0
       0
       0
       0
       0
       0
       0
       0
       0
       0
       0
       0
       0
       0
       0
       0
       0
       0
       0
       0
       0
       0
       0
       0
       0
       0
       0
       0
       0
       0
       0
       0
       0
       0
       0
       0
       0
       0
       0
       0
       0
       0
       0
       0
       0
       0
       0
       0
       1
       0
       0
       0
       0
       0
       0
       0
       0
       0
       0
       0
       0
       0
       0
       0
       0
       0
       0
       0
       0
       0
       0
       0
       0
       0
       0
       0
       0
       0
       0
       0
       0
       0
       0
       0
       0
       0
       0
       0
       0
       0
       0
       0
       0
       0
       0
       0
       0
       0
       0
       0
       0
       0
       0
       0
       1
       0
       0
       0
       1
       0
       0
       0
       0
       0
       0
       0
       0
       0
       0
       0
       0
       0
       0
       0
       0
       0
       0
       0
       0
       0
       0
       0
       0
       0
       0
       0
       0
       0
       0
       0
       0
       0
       0
       0
       0
       0
       0
       1
       0
       0
       0
       0
       0
       0
       0
       0
       0
       0
       0
       0
       0
       0
       0
       0
       0
       0
       0
       0
       0
       0
       0
       0
       0
       0
       0
       0
       0
       0
       0
       0
       0
       0
       0
       0
       0
       1
       0
       0
       0
       0
       0
       0
       0
       0
       0
       0
       0
       0
       0
       0
       0
       0
       0
       0
       0
       0
       0
       0
       0
       1
       0
       0
       0
       0
       0
       0
       0
       0
       0
       0
       0
       0
       0
       0
       0
       0
       0
       0
       0
       0
       0
       0
       0
       0
       0
       1
       0
       0
       0
       1
       0
       0
       0
       0
       1
       0
       1
       0
       0
       0
       0
       0
       0
       0
       0
       0
       0
       0
       0
       0
       0
       0
       0
       0
       0
       0
       0
       0
       0
       0
       0
       0
       0
       0
       0
       0
       0
       0
       0
       0
       0
       0
       0
       0
       0
       0
       0
       0
       0
       0
       0
       0
       0
       0
       0
       0
       0
       0
       0
       0
       0
       0
       0
       0
       0
       0
       0
       1
       0
       0
       0
       0
       0
       0
       0
       0
       0
       0
       0
       0
       0
       0
       0
       0
       0
       0
       0
       0
       0
       0
       0
       1
       0
       0
       0
       0
       0
       0
       0
       0
       0
       0
       0
       0
       0
       1
       0
       0
       0
       0
       0
       0
       0
       0
       0
       0
       0
       0
       0
       1
       0
       0
       0
       0
       0
       0
       0
       0
       0
       0
       0
       0
       0
       1
       0
       0
       0
       0
       0
       0
       0
       0
       0
       0
       0
       0
       0
       0
       0
       0
       0
       0
       0
       0
       0
       0
       0
       0
       0
       0
       0
       0
       0
       0
       0
       0
       0
       0
       0
       0
       0
       0
       0
       0
       0
       0
       0
       0
       0
       0
       0
       0
       0
       0
       0
       0
       0
       0
       0
       0
       0
       0
       0
       0
       0
       0
       1
       0
       0
       0
       0
       0
       0
       0
       0
       0
       0
       0
       0
       0
       0
       0
       0
       0
       0
       0
       0
       0
       0
       0
       0
       0
       0
       0
       0
       0
       0
       0
       0
       0
       0
       0
       0
       0
       0
       0
       0
       1
       0
       0
       1
       0
       0
       0
       0
       0
       0
       0
       0
       0
       0
       0
       0
       0
       0
       1
       0
       1
       0
       0
       0
       0
       0
       2
       0
       1
       0
       0
       0
       0
       1
       2
       0
       0
       0
       1
       0
       0
       1
       1
       0
       1
       1
       0
       2
       1
       1
       0
       2
       1
       1
       1
       0
       1
       0
       1
       0
       2
       0
       1
       0
       0
       0
       1
       0
       1
       0
       1
       0
       0
       0
       2
       0
       1
       1
       1
       0
       2
       0
       0
       0
       0
       0
       0
       3
       0
       1
       3
       1
       0
       0
       0
       1
       0
       0
       0
       1
       0
       0
       0
       1
       0
       0
       0
       2
       1
       1
       1
       0
       1
       0
       0
       0
       0
       0
       0
       1
       0
       0
       0
       1
       1
       1
       1
       0
       1
       1
       1
       0
       1
       1
       1
       1
       1
       0
       2
       0
       0
       0
       1
       0
       1
       1
       1
       1
       2
       2
       1
       1
       0
       1
       0
       1
       0
       1
       0
       1
       0
       0
       3
       2
       2
       0
       0
       1
       0
       0
       1
       1
       0
       1
       0
       0
       1
       0
       0
       1
       0
       0
       0
       2
       1
       0
       1
       2
       0
       1
       0
       0
       1
       0
       0
       1
       0
       2
       0
       0
       0
#$ROI:
#0
#$PRESETS:
#None
#0
#0
#$ENER_FIT:
#0.000000 0.374432
#$MCA_CAL:
#3
#0.000000E+000 3.744323E-001 0.000000E+000 keV
#$SHAPE_CAL:
#3
#6.617742E+000 0.000000E+000 0.000000E+000
