#Tp Cv

88.60 14.17 8.13
93.81 17.58 10.03
99.74 15.52 8.34
104.74 18.43 10.51
110.94 14.86 8.50
115.96 18.49 10.51
121.47 16.83 9.57
126.99 16.79 9.54
131.58 20.42 11.62
136.65 18.40 10.47
141.49 19.28 10.97
150.95 19.24 10.95
155.34 20.21 11.52
159.97 21.31 12.14
164.62 20.11 11.47
168.79 20.17 11.51
173.45 22.54 12.86
178.13 20.08 11.46
182.56 20.04 10.43
192.70 21.11 12.06
200.15 18.41 10.47
208.87 25.19 14.28
217.12 21.43 12.18
225.15 22.65 12.87
232.70 23.27 13.58
240.53 24.75 14.07
248.39 23.85 13.57
256.01 23.75 13.53
263.41 24.46 13.94
271.08 25.22 14.38
278.52 25.03 14.29
285.98 24.92 14.25
293.21 25.73 14.72
300.98 23.87 13.69
308.51 24.63 14.12
