#Probe: R, U, I   Zylinder: R, U, I, Zeit in s, R in Ohm, I in mA, U in V
22.4 0 0 22.4 0 0 0
25.1 18.5 176.0 23.4 4.2 7.0 150
27.3 18.6 177.4 25.0 10.0 8.0 300
29.8 18.7 177.8 29.6 6.8 3.8 450
31.9 18.7 17.8 33.4 5.5 3.0 600
34.5 18.7 178.4 36.8 5.2 3.0 750
36.6 18.8 178.6 39.4 4.6 2.8 900
38.9 18.8 178.8 41.8 4.5 2.8 1050
41.2 18.8 179.0 43.9 4.1 2.5 1200
43.1 18.9 179.1 45.6 4.0 2.5 1350
45.2 18.9 179.1 47.4.0 2.5 1500
47.2 18.9 179.2 49.0 4.0 2.5 1650
49.2 18.9 179.3 50.5 4.0 2.5 1800
51.1 18.9 179.4 51.9 4.7 3.0 1950
52.9 18.9 179.5 53.4 6.8 4.0 2100
54.8 18.9 179.5 55.3 7.5 4.0 2250
56.7 19.0 179.6 57.9 7.0 3.5 2400
58.4 19.0 179.7 60.6 6.0 3.0 2550
60.3 19.0 179.7 63.1 4.8 2.5 2700
62.2 19.0 179.8 65.4 4.7 2.5 2850
64.0 19.0 179.8 67.3 4.0 2.1 3000
68.1 19.0 179.9 71.0 3.4 2.0 3300
71.1 19.0 180.0 73.5 3.2 2.0 3600
74.6 19.0 180.0 76.7 2.7 1.8 3900
77.9 19.0 180.0 78.1 4.0 2.5 4200
81.1 19.0 180.1 80.3 5.0 3.0 4500
84.1 19.0 180.1 83.3 5.2 3.2 4800
87.2 19.0 180.2 86.8 5.2 3.2 5100
90.3 19.0 180.2 89.9 5.3 3.1 5400
93.3 19.0 180.3 92.8 5.5 3.1 5700
96.2 19.0 180.3 95.7 5.6 3.1 6000
99.2 19.0 180.3 98.7 5.7 3.1 6300
102.1 19.0 180.4 101.7 5.9 3.1 6600
105.0 19.0 180.4 104.6 6.0 3.1 6900
107.8 19.0 180.4 107.3 6.1 3.1 7200
110.8 19.0 180.4 110.4 6.5 3.2 7500
113.7 19.0 180.5 113.3 6.7 3.2 7800 
