400 12668 113 211 0.32
410 12663 113 211 0.39
420 12648 112 211 0.40
430 12899 114 215 0.40
440 12715 113 212 0.40
450 12858 113 214 0.41
460 12931 114 216 0.50
470 12905 114 215 0.55
480 12744 113 212 0.60
490 12745 113 212 0.60
500 12750 113 213 0.60
510 12784 113 213 0.60
520 12767 113 213 0.60
530 12693 113 212 0.65
540 12860 113 214 0.70
550 12623 112 210 0.70
560 12936 114 216 0.80
570 12704 113 212 0.80
580 12952 114 216 0.80
590 13016 114 217 0.85
600 12937 114 216 0.90
610 12956 114 216 0.90
620 13136 115 219 1.00
630 12962 114 216 1.00
640 13118 115 219 1.00
650 13053 114 218 1.00
