#effektive Länge x und N und Energie Ealpha
0.0000001 92505 4.0
0.12339585 91459 3.92592593
0.24679171 89723 3.88888889
0.37018756 88232 3.81481481
0.49358342 91197 3.85925926
0.61697927 89515 3.85925926
0.74037512 88548 3.74074074
0.86377098 82659 3.62222222
0.98716683 84531  3.6
1.11056269  82048 3.55555556
1.23395854 78730 3.45925926
1.35735439 75023 3.39259259
1.48075025 69593 3.34074074
1.6041461 65145 3.25925926
1.72754195 64647 3.17777778
1.85093781 54482 3.06666667
1.97433366 52385 3.00740741
     
