#Energien der alpha-Teilchen, effektive Länge x, N
#4           0.0           131382
#3.89447236  0.09871668  131464
#3.79899497  0.19743337  130732
#3.7638191    0.29615005  129617
#3.7638191   0.39486673  130444
#3.65326633  0.49358342 129600
3.6281407  0.5923001 128936
3.55778894  0.69101678 128478
3.49748744  0.78973346 128122
3.45226131  0.88845015 127415
3.38693467  0.98716683 126608
3.33165829 1.08588351 126372
3.27135678  1.1846002 124989
3.18592965  1.28331688 124942
3.10552764 1.38203356 124295
3.02512563  1.48075025 123299
2.93467337 1.57946693 119958
2.84422111 1.67818361 120673
2.75376884  1.7769003 117907
2.68341709   1.87561698 116111
