# t in min;T in C; I in pA Heizrate: 2K/min
0 -50 0.7
1 -48 0.7
2 -46 0.8
3 -44 0.9
4 -42.2 1.0
5 -40.2 1.1
6 -38.4 1.3
7 -36.6 1.5
8 -34.7 1.9
9 -32.7 2.4
10 -30.6 3.1
11 -28.1 4.2
12 -25.6 5.8
13 -23.4 7.7
14 -21.3 9.9
15 -19.3 12
16 -17.6 14
17 -15.8 16
18 -13.9 17
19 -11.9 17
20 -9.4 17
21 -7.2 15
22 -5.3 13
23 -3.4 10
24 -1.4 7.8
25 0.4 6.7
26 2.5 6.5
27 4.7 6.7
28 6.8 7.1
29 8.8 7.6
30 10.7 8.1
31 12.7 8.6
32 14.7 9.1
33 16.8 9.9
34 18.9 11
35 21.0 12
36 23.1 13
37 25.1 13
38 27.0 14
39 29.0 14
40 31.0 15
41 33.0 15
42 35.2 16
43 37.2 17
44 39.1 18
45 41.1 19
46 43.2 20
47 45.3 21
48 47.5 22
49 49.6 22
50 51.6 22
51 51.6 22
