#erster Doppelspalt b=0.15mm g=1.00mm
13.00 5.10
13.25 5.60
13.59 5.80
13.75 6.00
14.00 6.50
14.00 6.50
14.25 6.30
14.50 6.40
14.75 6.20
15.00 5.60
15.25 5.40
15.50 4.70
15.75 4.00
16.00 3.70
16.25 3.50
16.50 3.20
16.75 3.50
17.00 4.00
17.25 4.40
17.50 5.50
17.75 6.30
18.00 7.10
18.25 8.40
18.50 9.00
18.75 9.60
19.00 10.00
19.25 9.90
19.50 9.70
19.75 9.20
20.00 8.40
20.25 7.90
20.50 7.90
20.75 7.40
21.00 8.80
21.25 10.50
21.50 12.50
21.75 17.00
22.00 20.50
22.25 26.00
22.50 33.00
22.75 39.00
23.00 48.00
23.25 54.00
23.50 65.00
23.75 68.00
24.00 72.00
24.25 78.00
24.50 80.00
24.75 78.00
25.00 85.00
25.25 76.00
25.50 74.00
25.75 76.00
26.00 62.00
26.25 61.00
26.50 54.00
26.75 43.00
27.00 43.00
27.25 33.00
27.50 28.00
27.75 26.50
28.00 19.00
28.25 19.50
28.50 16.00
28.75 13.00
29.00 14.00
29.25 11.50
29.50 12.00
29.75 11.00
30.00 9.50
30.25 10.50
30.50 8.60
30.75 8.10
31.00 7.90
31.25 6.60
31.50 6.00
31.75 5.60
32.00 4.80
32.25 4.30
32.50 4.60
32.75 4.00
33.00 4.10
33.25 4.40
33.50 4.20
33.75 4.80
34.00 4.70
34.25 4.80
34.50 5.20
34.75 4.50
35.00 4.80
35.25 4.40
35.50 3.80
35.75 4.20
36.00 3.50
36.25 3.20
36.50 3.60
36.75 3.10
37.00 3.20
