
5.00 3.9
5.50 2.6
6.00 1.6
6.50 1.3
7.00 2.5
7.50 3.8
8.00 3.0
8.50 6.0
9.00 6.6
9.50 5.1
10.00 6.6
10.50 5.2
11.00 4.3
11.50 3.4
12.00 3.0
12.50 3.3
13.00 2.6
13.50 3.7
14.00 6.1
14.50 5.8
15.00 6.4
15.50 9.8
16.00 8.2
16.50 8.0
17.00 10.5
17.50 9.0
18.00 9.0
18.50 11.5
19.00 9.5
19.50 12.0
20.00 14.5
20.50 11.5
21.00 19.0
21.50 19.5
22.00 14.5
22.50 24.5
23.00 23.0
23.25 20.5
23.50 22.5
23.75 28.0
24.00 31.0
24.25 30.0
24.50 25.0
24.75 25.0
25.00 28.0
25.25 31.0
25.50 30.0
25.75 27.0
26.00 25.0
26.25 24.0
26.50 26.0
26.75 26.0
27.00 26.0
27.50 19.0
28.00 21.0
28.50 18.0
29.00 12.5
29.50 15.0
30.00 11.0
30.50 8.4
31.00 8.6
31.50 5.9
32.00 5.6
32.50 4.0
33.00 4.2
33.50 4.0
34.00 2.5
34.50 4.3
35.00 3.1
35.50 2.7
36.00 3.5
36.50 2.2
37.00 2.6
37.50 2.3
38.00 2.0
38.50 2.2
39.00 1.8
39.50 2.2
40.00 2.1
40.50 1.8
41.00 1.9
41.50 2.0
42.00 1.7
42.50 1.7
43.00 2.0
43.50 1.5
44.00 1.7
44.50 1.4
45.00 1.5
