#	Temperatur 1 (°C)	Temperatur 2 (°C)	Temperatur 3 (°C)	Temperatur 4 (°C)	Temperatur 5 (°C)	Temperatur 6 (°C)	Temperatur 7 (°C)	Temperatur 8 (°C)
1	28.77	28.84	28.37	27.86	29.18	29.36	29.24	28.29
2	28.75	28.85	28.39	27.86	29.17	29.40	29.24	28.28
3	28.74	28.94	28.53	27.85	29.17	29.63	29.24	28.28
4	28.72	29.12	28.78	27.86	29.20	29.98	29.26	28.27
5	28.73	29.36	29.07	27.86	29.27	30.35	29.32	28.26
6	28.73	29.62	29.38	27.89	29.37	30.74	29.41	28.26
7	28.75	29.90	29.71	27.92	29.51	31.11	29.54	28.25
8	28.80	30.18	30.03	27.98	29.66	31.46	29.69	28.24
9	28.85	30.45	30.33	28.03	29.84	31.80	29.85	28.24
10	28.92	30.72	30.63	28.11	30.01	32.10	30.03	28.22
11	28.99	30.98	30.93	28.20	30.20	32.40	30.23	28.22
12	29.07	31.22	31.21	28.30	30.38	32.69	30.42	28.22
13	29.17	31.46	31.48	28.41	30.58	32.95	30.62	28.22
14	29.27	31.68	31.74	28.51	30.78	33.21	30.83	28.22
15	29.37	31.90	31.98	28.63	30.97	33.45	31.04	28.21
16	29.48	32.10	32.21	28.75	31.17	33.68	31.24	28.21
17	29.58	32.30	32.43	28.86	31.36	33.91	31.44	28.21
18	29.69	32.49	32.65	28.98	31.55	34.12	31.64	28.21
19	29.80	32.67	32.84	29.10	31.75	34.33	31.84	28.21
20	29.91	32.85	33.03	29.23	31.94	34.53	32.02	28.22
21	30.02	33.01	33.21	29.35	32.13	34.72	32.21	28.22
22	30.14	33.18	33.38	29.47	32.32	34.91	32.39	28.22
23	30.26	33.33	33.56	29.59	32.50	35.09	32.57	28.23
24	30.37	33.48	33.71	29.71	32.68	35.26	32.74	28.24
25	30.48	33.62	33.86	29.83	32.86	35.43	32.91	28.25
26	30.59	33.76	34.01	29.96	33.04	35.60	33.07	28.26
27	30.71	33.89	34.15	30.07	33.21	35.75	33.22	28.27
28	30.82	34.02	34.28	30.18	33.38	35.91	33.38	28.29
29	30.93	34.15	34.41	30.30	33.55	36.06	33.53	28.31
30	31.04	34.27	34.54	30.42	33.71	36.21	33.67	28.32
31	31.15	34.39	34.65	30.53	33.87	36.35	33.81	28.34
32	31.26	34.50	34.77	30.64	34.04	36.49	33.94	28.35
33	31.36	34.61	34.88	30.75	34.19	36.62	34.07	28.38
34	31.47	34.71	34.99	30.86	34.33	36.75	34.20	28.40
35	31.58	34.82	35.10	30.97	34.48	36.88	34.31	28.42
36	31.69	34.92	35.19	31.07	34.63	37.01	34.43	28.44
37	31.80	35.02	35.29	31.18	34.77	37.13	34.55	28.46
38	31.90	35.12	35.38	31.27	34.91	37.24	34.66	28.49
39	32.00	35.22	35.47	31.39	35.05	37.36	34.77	28.52
40	32.10	35.31	35.56	31.49	35.18	37.47	34.87	28.54
41	32.20	35.40	35.65	31.59	35.31	37.58	34.98	28.57
42	32.29	35.47	35.72	31.68	35.44	37.66	35.08	28.60
43	32.39	35.52	35.75	31.78	35.56	37.70	35.16	28.62
44	32.49	35.58	35.80	31.87	35.66	37.77	35.25	28.66
45	32.58	35.65	35.85	31.96	35.77	37.86	35.33	28.68
46	32.67	35.71	35.92	32.05	35.88	37.95	35.41	28.72
47	32.76	35.79	35.99	32.13	35.99	38.05	35.48	28.75
48	32.84	35.86	36.07	32.22	36.08	38.14	35.55	28.78
49	32.93	35.94	36.15	32.30	36.19	38.25	35.63	28.81
50	33.02	36.02	36.21	32.38	36.30	38.34	35.70	28.84
51	33.10	36.10	36.29	32.46	36.39	38.43	35.77	28.88
52	33.19	36.16	36.35	32.54	36.49	38.49	35.84	28.90
53	33.27	36.15	36.29	32.62	36.58	38.38	35.91	28.94
54	33.36	36.05	36.13	32.70	36.65	38.16	35.95	28.97
55	33.43	35.88	35.91	32.77	36.68	37.88	35.96	29.00
56	33.49	35.68	35.66	32.82	36.67	37.59	35.95	29.04
57	33.53	35.46	35.40	32.86	36.63	37.31	35.90	29.07
58	33.56	35.25	35.13	32.88	36.57	37.05	35.82	29.11
59	33.58	35.03	34.89	32.88	36.48	36.79	35.73	29.13
60	33.58	34.83	34.64	32.88	36.40	36.56	35.62	29.17
61	33.57	34.64	34.41	32.87	36.31	36.35	35.50	29.20
62	33.56	34.45	34.19	32.83	36.21	36.14	35.37	29.23
63	33.53	34.27	33.99	32.80	36.10	35.95	35.23	29.27
64	33.51	34.11	33.79	32.76	36.00	35.77	35.09	29.30
65	33.47	33.95	33.61	32.72	35.89	35.60	34.96	29.33
66	33.43	33.80	33.44	32.66	35.77	35.43	34.81	29.36
67	33.39	33.66	33.27	32.60	35.66	35.28	34.67	29.38
68	33.35	33.53	33.12	32.56	35.54	35.13	34.54	29.41
69	33.30	33.41	32.98	32.50	35.42	34.99	34.40	29.44
70	33.25	33.29	32.85	32.44	35.31	34.86	34.27	29.46
71	33.20	33.18	32.73	32.38	35.20	34.73	34.14	29.49
72	33.15	33.08	32.60	32.32	35.09	34.60	34.01	29.50
73	33.10	32.99	32.50	32.26	34.98	34.49	33.89	29.52
74	33.05	32.90	32.40	32.21	34.87	34.37	33.78	29.54
75	33.00	32.82	32.31	32.15	34.76	34.26	33.66	29.56
76	32.95	32.73	32.22	32.09	34.65	34.16	33.55	29.58
77	32.89	32.65	32.14	32.03	34.55	34.06	33.44	29.60
78	32.84	32.58	32.05	31.98	34.45	33.96	33.34	29.62
79	32.79	32.50	31.98	31.92	34.34	33.86	33.24	29.63
80	32.75	32.44	31.91	31.87	34.25	33.78	33.15	29.64
81	32.69	32.38	31.84	31.82	34.15	33.69	33.06	29.65
82	32.65	32.32	31.78	31.76	34.06	33.61	32.97	29.66
83	32.59	32.26	31.72	31.71	33.97	33.53	32.89	29.67
84	32.55	32.21	31.67	31.65	33.88	33.45	32.81	29.68
85	32.50	32.15	31.62	31.60	33.79	33.38	32.73	29.69
86	32.45	32.10	31.56	31.55	33.69	33.30	32.66	29.69
87	32.40	32.06	31.52	31.51	33.60	33.23	32.59	29.70
88	32.36	32.01	31.48	31.46	33.53	33.16	32.52	29.70
89	32.31	31.97	31.43	31.41	33.45	33.10	32.45	29.70
90	32.27	31.93	31.39	31.36	33.38	33.03	32.40	29.70
91	32.23	31.89	31.35	31.32	33.30	32.97	32.33	29.70
92	32.19	31.85	31.31	31.27	33.23	32.91	32.27	29.70
93	32.14	31.81	31.28	31.23	33.16	32.86	32.22	29.70
94	32.10	31.78	31.25	31.19	33.09	32.80	32.17	29.70
95	32.06	31.75	31.22	31.15	33.03	32.75	32.12	29.70
96	32.02	31.71	31.19	31.11	32.97	32.70	32.07	29.70
97	31.98	31.68	31.16	31.08	32.89	32.65	32.02	29.69
98	31.94	31.64	31.13	31.04	32.84	32.60	31.98	29.69
99	31.90	31.61	31.10	31.00	32.78	32.56	31.94	29.69
100	31.86	31.59	31.08	30.96	32.72	32.51	31.89	29.68
101	31.83	31.56	31.06	30.93	32.66	32.47	31.85	29.68
102	31.79	31.54	31.05	30.89	32.61	32.45	31.82	29.67
103	31.75	31.59	31.14	30.86	32.56	32.61	31.78	29.67
104	31.72	31.74	31.34	30.83	32.54	32.90	31.78	29.66
105	31.69	31.95	31.60	30.81	32.57	33.25	31.80	29.65
106	31.68	32.20	31.89	30.79	32.63	33.60	31.86	29.65
107	31.68	32.46	32.19	30.81	32.71	33.94	31.95	29.64
108	31.70	32.72	32.49	30.83	32.83	34.26	32.06	29.64
109	31.73	32.98	32.79	30.87	32.96	34.56	32.20	29.63
110	31.78	33.23	33.08	30.92	33.10	34.85	32.36	29.62
111	31.83	33.47	33.35	30.99	33.24	35.13	32.53	29.63
112	31.89	33.71	33.62	31.06	33.40	35.38	32.69	29.62
113	31.96	33.93	33.88	31.13	33.55	35.62	32.87	29.61
114	32.04	34.14	34.12	31.21	33.72	35.85	33.06	29.60
115	32.12	34.35	34.34	31.30	33.88	36.07	33.24	29.60
116	32.21	34.54	34.56	31.39	34.05	36.28	33.42	29.60
117	32.30	34.72	34.76	31.49	34.21	36.48	33.60	29.60
118	32.39	34.90	34.96	31.59	34.38	36.68	33.78	29.60
119	32.48	35.07	35.14	31.69	34.54	36.86	33.96	29.60
120	32.57	35.23	35.32	31.79	34.70	37.04	34.13	29.59
121	32.67	35.39	35.49	31.89	34.87	37.21	34.30	29.60
122	32.77	35.54	35.65	31.99	35.03	37.38	34.47	29.60
123	32.86	35.67	35.80	32.10	35.18	37.54	34.63	29.61
124	32.96	35.81	35.95	32.20	35.34	37.69	34.78	29.61
125	33.06	35.94	36.09	32.30	35.49	37.84	34.94	29.62
126	33.16	36.07	36.21	32.39	35.64	37.98	35.08	29.63
127	33.26	36.19	36.34	32.49	35.79	38.12	35.22	29.64
128	33.35	36.30	36.46	32.59	35.94	38.26	35.36	29.65
129	33.45	36.42	36.58	32.69	36.08	38.39	35.50	29.66
130	33.55	36.52	36.69	32.78	36.22	38.52	35.63	29.67
131	33.64	36.63	36.79	32.89	36.36	38.65	35.75	29.69
132	33.73	36.73	36.89	32.97	36.50	38.76	35.88	29.71
133	33.82	36.82	36.99	33.07	36.62	38.87	35.99	29.73
134	33.92	36.92	37.09	33.16	36.75	38.99	36.11	29.75
135	34.01	37.02	37.18	33.26	36.87	39.10	36.22	29.76
136	34.10	37.11	37.27	33.34	37.01	39.21	36.32	29.78
137	34.19	37.19	37.35	33.43	37.13	39.32	36.42	29.81
138	34.28	37.28	37.44	33.52	37.25	39.42	36.53	29.83
139	34.36	37.36	37.51	33.61	37.37	39.52	36.62	29.85
140	34.45	37.45	37.59	33.69	37.48	39.62	36.72	29.88
141	34.54	37.53	37.67	33.78	37.59	39.71	36.81	29.90
142	34.62	37.60	37.74	33.86	37.71	39.80	36.89	29.93
143	34.71	37.68	37.81	33.94	37.82	39.89	36.98	29.95
144	34.79	37.75	37.88	34.02	37.92	39.98	37.06	29.98
145	34.87	37.82	37.94	34.10	38.02	40.07	37.14	30.01
146	34.95	37.89	38.01	34.17	38.12	40.15	37.21	30.03
147	35.04	37.96	38.07	34.25	38.22	40.23	37.29	30.06
148	35.11	38.03	38.13	34.33	38.32	40.31	37.37	30.09
149	35.19	38.09	38.19	34.40	38.41	40.38	37.43	30.12
150	35.27	38.16	38.24	34.47	38.50	40.46	37.50	30.15
151	35.35	38.22	38.30	34.54	38.59	40.53	37.57	30.18
152	35.42	38.28	38.36	34.61	38.68	40.61	37.64	30.21
153	35.49	38.33	38.41	34.69	38.77	40.66	37.70	30.25
154	35.57	38.33	38.37	34.75	38.85	40.57	37.76	30.28
155	35.63	38.22	38.21	34.83	38.91	40.34	37.81	30.31
156	35.70	38.04	37.98	34.88	38.92	40.05	37.82	30.35
157	35.75	37.83	37.72	34.93	38.91	39.75	37.79	30.37
158	35.79	37.61	37.44	34.96	38.86	39.46	37.74	30.41
159	35.81	37.38	37.18	34.96	38.79	39.18	37.66	30.43
160	35.82	37.15	36.91	34.96	38.71	38.91	37.56	30.47
161	35.81	36.93	36.65	34.95	38.61	38.66	37.45	30.50
162	35.80	36.73	36.41	34.92	38.50	38.43	37.31	30.53
163	35.76	36.52	36.18	34.88	38.38	38.21	37.18	30.56
164	35.73	36.34	35.95	34.84	38.27	38.00	37.04	30.59
165	35.69	36.16	35.75	34.79	38.14	37.81	36.89	30.63
166	35.64	35.98	35.55	34.72	38.02	37.62	36.75	30.65
167	35.59	35.82	35.37	34.67	37.89	37.44	36.60	30.68
168	35.54	35.67	35.20	34.60	37.77	37.28	36.46	30.71
169	35.48	35.53	35.04	34.54	37.64	37.12	36.31	30.73
170	35.42	35.40	34.88	34.47	37.51	36.96	36.16	30.76
171	35.37	35.27	34.74	34.40	37.38	36.82	36.02	30.78
172	35.30	35.15	34.60	34.33	37.26	36.68	35.89	30.80
173	35.25	35.04	34.48	34.27	37.13	36.54	35.75	30.83
174	35.18	34.93	34.36	34.20	37.01	36.41	35.63	30.85
175	35.12	34.83	34.25	34.13	36.88	36.28	35.50	30.87
176	35.06	34.73	34.14	34.07	36.77	36.16	35.37	30.89
177	35.00	34.64	34.04	34.00	36.64	36.05	35.26	30.90
178	34.94	34.55	33.95	33.93	36.53	35.93	35.14	30.92
179	34.87	34.46	33.86	33.86	36.42	35.83	35.03	30.92
180	34.81	34.38	33.78	33.80	36.31	35.72	34.93	30.94
181	34.75	34.31	33.70	33.73	36.19	35.62	34.83	30.95
182	34.69	34.24	33.62	33.67	36.09	35.53	34.73	30.96
183	34.63	34.17	33.56	33.60	35.99	35.44	34.63	30.97
184	34.57	34.10	33.48	33.54	35.88	35.34	34.54	30.98
185	34.52	34.04	33.42	33.48	35.78	35.26	34.45	30.99
186	34.46	33.98	33.36	33.42	35.68	35.17	34.37	30.99
187	34.40	33.92	33.30	33.36	35.59	35.09	34.29	30.99
188	34.34	33.87	33.25	33.30	35.50	35.01	34.21	30.99
189	34.29	33.81	33.19	33.24	35.41	34.93	34.14	31.00
190	34.23	33.76	33.15	33.19	35.32	34.86	34.07	31.00
191	34.18	33.71	33.09	33.14	35.23	34.79	34.00	31.00
192	34.13	33.66	33.05	33.08	35.14	34.71	33.94	31.00
193	34.07	33.61	33.01	33.03	35.06	34.65	33.87	30.99
194	34.02	33.57	32.96	32.98	34.98	34.58	33.80	30.99
195	33.97	33.53	32.92	32.92	34.90	34.52	33.75	30.99
196	33.92	33.48	32.89	32.88	34.82	34.45	33.69	30.99
197	33.87	33.44	32.85	32.82	34.75	34.40	33.63	30.98
198	33.82	33.40	32.81	32.78	34.68	34.33	33.58	30.98
199	33.77	33.36	32.77	32.73	34.60	34.28	33.53	30.97
200	33.72	33.32	32.75	32.69	34.54	34.23	33.48	30.96
201	33.68	33.29	32.71	32.64	34.47	34.17	33.44	30.96
202	33.64	33.25	32.69	32.60	34.40	34.12	33.39	30.96
203	33.59	33.21	32.66	32.56	34.34	34.08	33.35	30.94
204	33.55	33.22	32.68	32.51	34.28	34.13	33.31	30.94
205	33.51	33.32	32.83	32.48	34.24	34.36	33.29	30.93
206	33.47	33.49	33.06	32.44	34.23	34.68	33.29	30.92
207	33.44	33.72	33.34	32.42	34.26	35.03	33.33	30.92
208	33.43	33.97	33.62	32.41	34.33	35.36	33.39	30.90
209	33.43	34.23	33.93	32.42	34.43	35.69	33.49	30.90
210	33.45	34.48	34.22	32.44	34.55	36.00	33.61	30.89
211	33.48	34.73	34.51	32.48	34.67	36.29	33.75	30.88
212	33.52	34.97	34.78	32.53	34.81	36.56	33.91	30.88
213	33.57	35.20	35.05	32.59	34.95	36.82	34.08	30.87
214	33.63	35.42	35.30	32.66	35.10	37.06	34.25	30.85
215	33.70	35.64	35.54	32.73	35.25	37.29	34.42	30.85
216	33.78	35.84	35.77	32.81	35.41	37.51	34.61	30.84
217	33.85	36.03	35.99	32.90	35.57	37.72	34.78	30.84
218	33.93	36.22	36.19	32.98	35.73	37.91	34.96	30.83
219	34.01	36.39	36.39	33.08	35.88	38.10	35.14	30.83
220	34.10	36.55	36.57	33.17	36.04	38.29	35.31	30.83
221	34.19	36.71	36.74	33.27	36.20	38.46	35.48	30.83
222	34.27	36.87	36.91	33.36	36.36	38.64	35.65	30.82
223	34.36	37.01	37.07	33.45	36.51	38.79	35.81	30.82
224	34.45	37.15	37.22	33.55	36.66	38.95	35.97	30.83
225	34.54	37.28	37.36	33.64	36.81	39.10	36.12	30.83
226	34.63	37.41	37.50	33.74	36.96	39.25	36.27	30.83
227	34.72	37.53	37.62	33.83	37.10	39.39	36.42	30.84
228	34.82	37.64	37.75	33.93	37.25	39.52	36.56	30.85
229	34.90	37.76	37.87	34.03	37.39	39.65	36.69	30.85
230	35.00	37.87	37.98	34.11	37.52	39.78	36.82	30.87
231	35.08	37.98	38.09	34.20	37.66	39.91	36.96	30.88
232	35.17	38.07	38.19	34.29	37.79	40.03	37.08	30.89
233	35.26	38.17	38.28	34.38	37.92	40.15	37.19	30.90
234	35.35	38.27	38.38	34.48	38.05	40.26	37.31	30.92
235	35.44	38.36	38.47	34.56	38.18	40.36	37.42	30.93
236	35.53	38.45	38.56	34.64	38.30	40.48	37.53	30.95
237	35.61	38.53	38.65	34.74	38.43	40.58	37.64	30.97
238	35.70	38.62	38.73	34.81	38.54	40.68	37.73	30.99
239	35.78	38.70	38.81	34.90	38.66	40.78	37.83	31.01
240	35.85	38.78	38.89	34.98	38.77	40.88	37.93	31.03
241	35.94	38.86	38.96	35.06	38.88	40.96	38.02	31.05
242	36.02	38.93	39.03	35.14	38.99	41.06	38.10	31.08
243	36.10	39.00	39.10	35.22	39.09	41.15	38.19	31.10
244	36.18	39.07	39.17	35.29	39.20	41.23	38.28	31.12
245	36.26	39.14	39.23	35.37	39.30	41.31	38.36	31.15
246	36.34	39.21	39.30	35.44	39.40	41.40	38.44	31.17
247	36.41	39.28	39.35	35.52	39.49	41.48	38.51	31.20
248	36.49	39.33	39.42	35.60	39.59	41.56	38.58	31.22
249	36.57	39.40	39.47	35.66	39.68	41.63	38.65	31.25
250	36.64	39.46	39.52	35.73	39.77	41.71	38.72	31.28
251	36.71	39.53	39.58	35.80	39.86	41.78	38.79	31.31
252	36.78	39.58	39.64	35.87	39.95	41.85	38.85	31.33
253	36.85	39.64	39.68	35.93	40.03	41.92	38.92	31.36
254	36.92	39.70	39.73	36.00	40.11	41.98	38.98	31.39
255	36.99	39.69	39.70	36.06	40.19	41.90	39.03	31.42
256	37.06	39.60	39.55	36.12	40.25	41.69	39.08	31.45
257	37.12	39.43	39.33	36.18	40.26	41.41	39.09	31.48
258	37.17	39.22	39.07	36.22	40.25	41.11	39.07	31.50
259	37.21	38.99	38.79	36.24	40.20	40.81	39.02	31.54
260	37.22	38.76	38.51	36.25	40.13	40.52	38.93	31.56
261	37.22	38.53	38.22	36.23	40.04	40.25	38.82	31.58
262	37.21	38.31	37.97	36.22	39.94	40.01	38.70	31.61
263	37.19	38.10	37.72	36.18	39.83	39.77	38.57	31.64
264	37.16	37.89	37.49	36.14	39.71	39.54	38.44	31.67
265	37.13	37.70	37.26	36.10	39.59	39.33	38.30	31.70
266	37.08	37.52	37.05	36.04	39.47	39.13	38.15	31.73
267	37.03	37.34	36.86	35.99	39.34	38.94	38.00	31.76
268	36.98	37.18	36.67	35.92	39.21	38.76	37.85	31.78
269	36.93	37.03	36.49	35.86	39.08	38.59	37.70	31.81
270	36.86	36.88	36.32	35.79	38.95	38.43	37.55	31.83
271	36.80	36.74	36.17	35.72	38.82	38.27	37.40	31.85
272	36.74	36.61	36.03	35.65	38.69	38.12	37.26	31.88
273	36.68	36.49	35.88	35.58	38.56	37.97	37.13	31.91
274	36.61	36.37	35.75	35.51	38.43	37.83	36.99	31.92
275	36.55	36.26	35.63	35.44	38.30	37.70	36.86	31.94
276	36.48	36.15	35.51	35.36	38.18	37.57	36.73	31.95
277	36.42	36.05	35.40	35.29	38.05	37.45	36.60	31.97
278	36.35	35.95	35.29	35.22	37.93	37.33	36.48	31.98
279	36.28	35.86	35.20	35.15	37.81	37.21	36.37	32.00
280	36.22	35.78	35.09	35.07	37.69	37.10	36.25	32.01
281	36.15	35.69	35.01	35.00	37.57	36.99	36.14	32.02
282	36.09	35.61	34.93	34.94	37.46	36.89	36.04	32.02
283	36.02	35.54	34.85	34.87	37.35	36.78	35.93	32.03
284	35.96	35.46	34.77	34.80	37.24	36.68	35.83	32.04
285	35.89	35.39	34.70	34.73	37.13	36.59	35.73	32.05
286	35.84	35.32	34.63	34.67	37.03	36.50	35.64	32.05
287	35.77	35.25	34.56	34.60	36.92	36.40	35.56	32.05
288	35.71	35.19	34.50	34.54	36.82	36.32	35.47	32.05
289	35.65	35.13	34.44	34.48	36.73	36.24	35.39	32.05
290	35.59	35.07	34.38	34.42	36.63	36.16	35.31	32.05
291	35.52	35.01	34.33	34.36	36.54	36.08	35.24	32.05
292	35.47	34.96	34.27	34.30	36.45	36.00	35.17	32.05
293	35.41	34.90	34.22	34.24	36.36	35.93	35.10	32.05
294	35.35	34.85	34.18	34.19	36.28	35.86	35.03	32.05
295	35.29	34.80	34.13	34.13	36.19	35.79	34.97	32.04
296	35.24	34.75	34.08	34.08	36.10	35.72	34.90	32.04
297	35.18	34.71	34.04	34.02	36.03	35.65	34.84	32.03
298	35.12	34.66	33.99	33.97	35.95	35.59	34.79	32.03
299	35.07	34.62	33.96	33.92	35.87	35.53	34.73	32.02
300	35.02	34.57	33.92	33.87	35.80	35.47	34.68	32.02
301	34.97	34.53	33.88	33.81	35.73	35.41	34.63	32.01
302	34.92	34.50	33.84	33.77	35.66	35.34	34.57	32.00
303	34.87	34.45	33.81	33.72	35.59	35.30	34.52	31.99
304	34.82	34.42	33.78	33.67	35.52	35.27	34.48	31.99
305	34.77	34.46	33.86	33.62	35.46	35.41	34.43	31.98
306	34.72	34.60	34.04	33.58	35.43	35.69	34.41	31.97
307	34.68	34.79	34.29	33.54	35.43	36.02	34.43	31.96
308	34.65	35.02	34.57	33.53	35.48	36.35	34.47	31.95
309	34.65	35.27	34.87	33.53	35.56	36.68	34.56	31.94
310	34.65	35.51	35.15	33.53	35.66	36.99	34.66	31.93
311	34.67	35.77	35.44	33.56	35.77	37.28	34.79	31.92
312	34.69	36.00	35.71	33.59	35.90	37.55	34.93	31.91
313	34.74	36.23	35.98	33.65	36.03	37.81	35.09	31.90
314	34.78	36.45	36.23	33.71	36.18	38.06	35.25	31.89
315	34.84	36.66	36.47	33.77	36.32	38.29	35.42	31.88
316	34.91	36.86	36.70	33.84	36.46	38.50	35.59	31.88
317	34.98	37.05	36.92	33.93	36.62	38.71	35.76	31.86
318	35.05	37.23	37.13	34.01	36.77	38.90	35.94	31.86
319	35.13	37.40	37.32	34.09	36.92	39.09	36.12	31.85
320	35.21	37.56	37.50	34.18	37.07	39.27	36.28	31.85
321	35.29	37.72	37.67	34.26	37.21	39.44	36.45	31.85
322	35.37	37.88	37.83	34.35	37.37	39.61	36.60	31.84
323	35.45	38.01	37.98	34.44	37.52	39.76	36.76	31.84
324	35.53	38.15	38.13	34.53	37.66	39.92	36.91	31.84
325	35.62	38.28	38.27	34.62	37.81	40.06	37.06	31.84
326	35.70	38.40	38.40	34.70	37.95	40.21	37.22	31.84
327	35.79	38.52	38.53	34.79	38.09	40.33	37.35	31.85
328	35.87	38.63	38.65	34.88	38.22	40.47	37.49	31.85
329	35.95	38.73	38.77	34.96	38.36	40.60	37.63	31.86
330	36.03	38.84	38.87	35.05	38.50	40.72	37.75	31.86
331	36.11	38.94	38.97	35.14	38.63	40.84	37.88	31.87
332	36.20	39.04	39.08	35.23	38.76	40.95	38.00	31.88
333	36.28	39.13	39.17	35.32	38.88	41.06	38.12	31.89
334	36.36	39.22	39.26	35.40	39.00	41.17	38.23	31.90
335	36.45	39.31	39.35	35.48	39.13	41.28	38.34	31.91
336	36.52	39.39	39.43	35.56	39.24	41.38	38.45	31.92
337	36.60	39.47	39.51	35.64	39.36	41.48	38.54	31.94
338	36.68	39.55	39.59	35.71	39.47	41.58	38.64	31.96
339	36.76	39.63	39.66	35.79	39.58	41.67	38.73	31.98
340	36.83	39.70	39.72	35.87	39.69	41.76	38.82	31.99
341	36.91	39.76	39.79	35.94	39.80	41.84	38.91	32.01
342	36.98	39.83	39.86	36.02	39.90	41.93	38.99	32.03
343	37.06	39.90	39.93	36.09	40.00	42.01	39.07	32.06
344	37.13	39.96	39.98	36.16	40.10	42.10	39.15	32.07
345	37.21	40.03	40.04	36.23	40.20	42.18	39.23	32.10
346	37.27	40.09	40.11	36.30	40.29	42.25	39.31	32.12
347	37.34	40.15	40.16	36.37	40.39	42.33	39.38	32.14
348	37.42	40.21	40.21	36.43	40.47	42.40	39.44	32.17
349	37.48	40.26	40.26	36.49	40.55	42.47	39.51	32.19
350	37.55	40.32	40.30	36.55	40.64	42.54	39.56	32.20
351	37.62	40.37	40.35	36.61	40.72	42.60	39.63	32.23
352	37.68	40.43	40.40	36.68	40.81	42.67	39.69	32.26
353	37.75	40.48	40.45	36.74	40.88	42.73	39.75	32.28
354	37.82	40.53	40.50	36.80	40.96	42.79	39.81	32.31
355	37.88	40.56	40.51	36.86	41.04	42.80	39.87	32.34
356	37.94	40.50	40.41	36.92	41.10	42.62	39.92	32.36
357	38.00	40.35	40.21	36.97	41.13	42.36	39.93	32.39
358	38.05	40.15	39.95	37.02	41.12	42.05	39.92	32.42
359	38.09	39.93	39.67	37.05	41.09	41.76	39.87	32.44
360	38.11	39.69	39.39	37.05	41.02	41.46	39.81	32.47
361	38.11	39.46	39.12	37.05	40.93	41.18	39.71	32.50
362	38.10	39.24	38.85	37.04	40.83	40.92	39.60	32.52
363	38.08	39.02	38.59	36.99	40.72	40.67	39.47	32.55
364	38.05	38.80	38.34	36.96	40.61	40.44	39.33	32.57
365	38.01	38.60	38.11	36.91	40.48	40.22	39.19	32.60
366	37.96	38.41	37.89	36.86	40.36	40.01	39.03	32.63
367	37.91	38.23	37.67	36.79	40.23	39.82	38.88	32.65
368	37.85	38.05	37.48	36.72	40.09	39.63	38.73	32.67
369	37.79	37.89	37.30	36.66	39.96	39.45	38.58	32.69
370	37.73	37.74	37.13	36.59	39.83	39.28	38.42	32.72
371	37.66	37.59	36.96	36.51	39.69	39.11	38.28	32.74
372	37.59	37.45	36.80	36.43	39.55	38.96	38.12	32.76
373	37.51	37.32	36.65	36.36	39.43	38.81	37.98	32.78
374	37.44	37.18	36.51	36.28	39.29	38.67	37.84	32.80
375	37.38	37.07	36.38	36.21	39.16	38.52	37.71	32.81
376	37.31	36.96	36.26	36.13	39.03	38.39	37.57	32.83
377	37.23	36.85	36.14	36.05	38.90	38.26	37.44	32.84
378	37.17	36.75	36.03	35.98	38.77	38.13	37.31	32.85
379	37.09	36.65	35.92	35.90	38.65	38.01	37.19	32.86
380	37.03	36.55	35.82	35.83	38.52	37.90	37.08	32.88
381	36.96	36.46	35.73	35.76	38.41	37.78	36.96	32.88
382	36.89	36.38	35.64	35.68	38.29	37.67	36.85	32.89
383	36.82	36.30	35.55	35.62	38.18	37.56	36.75	32.88
384	36.75	36.22	35.47	35.54	38.06	37.45	36.64	32.90
385	36.68	36.14	35.39	35.47	37.95	37.36	36.54	32.90
386	36.61	36.07	35.32	35.40	37.84	37.26	36.45	32.90
387	36.55	36.00	35.24	35.33	37.73	37.17	36.36	32.90
388	36.48	35.92	35.18	35.26	37.63	37.08	36.26	32.90
389	36.42	35.86	35.11	35.21	37.53	36.99	36.18	32.90
390	36.36	35.80	35.05	35.13	37.43	36.90	36.10	32.90
391	36.29	35.74	35.00	35.07	37.33	36.82	36.02	32.90
392	36.22	35.68	34.94	35.01	37.23	36.74	35.94	32.89
393	36.17	35.63	34.88	34.95	37.14	36.66	35.86	32.89
394	36.10	35.57	34.83	34.89	37.05	36.59	35.80	32.88
395	36.04	35.52	34.78	34.82	36.97	36.51	35.73	32.88
396	35.98	35.46	34.73	34.77	36.88	36.44	35.66	32.88
397	35.92	35.41	34.68	34.71	36.79	36.37	35.60	32.87
398	35.86	35.36	34.64	34.66	36.71	36.30	35.53	32.85
399	35.80	35.31	34.59	34.60	36.62	36.24	35.47	32.85
400	35.75	35.26	34.56	34.55	36.55	36.17	35.42	32.84
401	35.69	35.22	34.51	34.49	36.47	36.11	35.35	32.83
402	35.64	35.17	34.47	34.44	36.40	36.05	35.32	32.82
403	35.58	35.13	34.43	34.39	36.32	36.00	35.26	32.81
404	35.53	35.09	34.39	34.34	36.25	35.94	35.20	32.80
405	35.47	35.06	34.39	34.29	36.18	35.95	35.16	32.79
406	35.42	35.14	34.51	34.25	36.13	36.14	35.12	32.78
407	35.38	35.30	34.72	34.20	36.10	36.44	35.11	32.76
408	35.34	35.50	34.98	34.17	36.13	36.77	35.13	32.75
409	35.31	35.73	35.26	34.15	36.18	37.10	35.20	32.74
410	35.31	35.98	35.55	34.15	36.26	37.42	35.28	32.73
411	35.31	36.23	35.84	34.17	36.36	37.72	35.40	32.72
412	35.33	36.47	36.12	34.20	36.47	38.00	35.52	32.71
413	35.36	36.70	36.39	34.24	36.60	38.27	35.67	32.69
414	35.41	36.93	36.64	34.28	36.73	38.52	35.82	32.68
415	35.46	37.14	36.89	34.34	36.87	38.75	35.98	32.67
416	35.51	37.34	37.12	34.41	37.01	38.97	36.14	32.66
417	35.57	37.54	37.33	34.48	37.16	39.18	36.32	32.65
418	35.64	37.72	37.55	34.55	37.31	39.38	36.48	32.64
419	35.71	37.90	37.75	34.63	37.45	39.57	36.65	32.63
420	35.79	38.06	37.93	34.71	37.60	39.75	36.82	32.62
421	35.86	38.22	38.11	34.80	37.75	39.92	36.99	32.61
422	35.94	38.37	38.28	34.88	37.89	40.09	37.16	32.61
423	36.02	38.51	38.44	34.97	38.04	40.24	37.31	32.60
424	36.11	38.66	38.59	35.05	38.18	40.40	37.47	32.60
425	36.19	38.78	38.73	35.14	38.32	40.54	37.62	32.60
426	36.27	38.90	38.87	35.23	38.47	40.69	37.77	32.60
427	36.35	39.02	39.00	35.31	38.60	40.82	37.91	32.60
428	36.43	39.14	39.12	35.40	38.74	40.96	38.05	32.59
429	36.51	39.25	39.24	35.49	38.88	41.09	38.18	32.60
430	36.59	39.35	39.35	35.57	39.01	41.21	38.32	32.60
431	36.67	39.46	39.46	35.66	39.14	41.33	38.44	32.61
432	36.76	39.55	39.56	35.75	39.27	41.45	38.56	32.61
433	36.84	39.65	39.65	35.82	39.39	41.56	38.68	32.62
434	36.92	39.74	39.75	35.91	39.52	41.67	38.79	32.63
435	37.00	39.83	39.83	35.99	39.64	41.78	38.90	32.64
436	37.08	39.91	39.92	36.07	39.75	41.88	39.00	32.65
437	37.16	39.99	40.00	36.15	39.87	41.98	39.11	32.66
438	37.24	40.08	40.08	36.23	39.98	42.08	39.21	32.68
439	37.31	40.15	40.15	36.31	40.10	42.17	39.31	32.69
440	37.39	40.23	40.23	36.38	40.20	42.26	39.40	32.71
441	37.46	40.30	40.30	36.45	40.31	42.35	39.48	32.73
442	37.54	40.36	40.36	36.53	40.41	42.44	39.57	32.74
443	37.61	40.43	40.43	36.60	40.51	42.53	39.65	32.76
444	37.68	40.50	40.49	36.68	40.61	42.61	39.73	32.78
445	37.76	40.56	40.56	36.74	40.71	42.69	39.81	32.79
446	37.83	40.63	40.61	36.81	40.80	42.77	39.89	32.82
447	37.90	40.69	40.67	36.88	40.89	42.84	39.96	32.84
448	37.97	40.75	40.72	36.95	40.98	42.91	40.03	32.86
449	38.04	40.81	40.78	37.02	41.07	42.99	40.10	32.89
450	38.11	40.86	40.83	37.08	41.15	43.06	40.16	32.91
451	38.17	40.92	40.88	37.15	41.24	43.13	40.22	32.92
452	38.24	40.97	40.93	37.21	41.32	43.19	40.29	32.95
453	38.31	41.02	40.98	37.27	41.40	43.25	40.35	32.98
454	38.37	41.08	41.03	37.33	41.48	43.31	40.40	33.00
455	38.44	41.13	41.07	37.39	41.55	43.38	40.46	33.02
456	38.50	41.15	41.06	37.45	41.63	43.34	40.52	33.05
457	38.56	41.06	40.93	37.51	41.69	43.14	40.55	33.07
458	38.61	40.90	40.70	37.54	41.71	42.87	40.56	33.08
459	38.66	40.69	40.44	37.59	41.69	42.57	40.54	33.12
460	38.69	40.46	40.16	37.60	41.64	42.26	40.48	33.13
461	38.71	40.23	39.89	37.61	41.57	41.97	40.41	33.16
462	38.71	40.00	39.61	37.60	41.48	41.70	40.31	33.19
463	38.69	39.77	39.35	37.58	41.38	41.44	40.19	33.21
464	38.67	39.55	39.09	37.55	41.27	41.19	40.06	33.24
465	38.64	39.34	38.85	37.50	41.15	40.96	39.93	33.27
466	38.59	39.14	38.62	37.45	41.02	40.74	39.77	33.29
467	38.55	38.95	38.40	37.40	40.89	40.54	39.63	33.32
468	38.49	38.77	38.19	37.33	40.76	40.34	39.48	33.34
469	38.43	38.60	38.00	37.27	40.63	40.16	39.32	33.36
470	38.37	38.44	37.79	37.16	40.50	39.98	39.14	33.35
471	38.31	38.29	37.63	37.10	40.36	39.81	38.99	33.38
472	38.24	38.15	37.47	37.03	40.22	39.65	38.85	33.40
473	38.17	38.01	37.32	36.96	40.09	39.49	38.71	33.42
474	38.11	37.88	37.18	36.88	39.95	39.34	38.57	33.45
475	38.03	37.75	37.05	36.81	39.82	39.20	38.42	33.46
476	37.97	37.64	36.92	36.73	39.69	39.06	38.29	33.48
477	37.89	37.52	36.80	36.66	39.56	38.92	38.15	33.49
478	37.82	37.42	36.68	36.57	39.44	38.80	38.03	33.51
479	37.75	37.32	36.57	36.50	39.31	38.68	37.91	33.51
480	37.68	37.22	36.47	36.43	39.19	38.56	37.79	33.52
481	37.61	37.13	36.37	36.36	39.07	38.44	37.66	33.53
482	37.54	37.04	36.28	36.28	38.94	38.33	37.55	33.54
483	37.47	36.95	36.19	36.20	38.83	38.22	37.44	33.54
484	37.40	36.87	36.10	36.13	38.71	38.12	37.34	33.55
485	37.33	36.80	36.02	36.06	38.60	38.02	37.24	33.55
486	37.26	36.72	35.95	35.99	38.49	37.92	37.14	33.55
487	37.20	36.65	35.88	35.92	38.38	37.82	37.04	33.55
488	37.13	36.58	35.81	35.86	38.28	37.73	36.95	33.55
489	37.07	36.52	35.74	35.79	38.18	37.64	36.86	33.55
490	36.99	36.45	35.68	35.72	38.07	37.56	36.78	33.55
491	36.94	36.39	35.62	35.66	37.97	37.47	36.70	33.55
492	36.88	36.32	35.56	35.60	37.88	37.39	36.62	33.54
493	36.81	36.27	35.50	35.54	37.78	37.31	36.55	33.53
494	36.75	36.22	35.45	35.48	37.69	37.24	36.47	33.53
495	36.69	36.16	35.40	35.42	37.60	37.16	36.40	33.52
496	36.63	36.11	35.35	35.35	37.52	37.09	36.33	33.52
497	36.57	36.05	35.30	35.30	37.43	37.01	36.27	33.51
498	36.51	36.01	35.26	35.25	37.34	36.95	36.21	33.50
499	36.45	35.96	35.22	35.19	37.26	36.88	36.14	33.49
500	36.40	35.91	35.17	35.13	37.19	36.82	36.08	33.48
501	36.35	35.87	35.13	35.08	37.11	36.75	36.03	33.47
502	36.29	35.82	35.09	35.03	37.03	36.69	35.98	33.45
503	36.24	35.78	35.05	34.98	36.96	36.64	35.92	33.44
504	36.18	35.73	35.01	34.91	36.88	36.57	35.86	33.43
505	36.13	35.69	34.97	34.87	36.81	36.52	35.82	33.41
506	36.08	35.68	34.99	34.83	36.75	36.56	35.78	33.41
507	36.03	35.77	35.13	34.78	36.69	36.77	35.74	33.39
508	35.98	35.94	35.34	34.74	36.67	37.07	35.73	33.38
509	35.94	36.15	35.61	34.70	36.71	37.40	35.76	33.37
510	35.92	36.39	35.88	34.69	36.77	37.73	35.82	33.35
511	35.91	36.63	36.18	34.69	36.85	38.05	35.91	33.34
512	35.92	36.87	36.46	34.70	36.95	38.35	36.03	33.33
513	35.95	37.12	36.74	34.74	37.07	38.64	36.16	33.31
514	35.98	37.35	37.01	34.78	37.20	38.90	36.31	33.30
515	36.02	37.57	37.26	34.83	37.33	39.15	36.46	33.29
516	36.07	37.79	37.51	34.89	37.47	39.38	36.62	33.27
517	36.13	37.98	37.74	34.96	37.62	39.60	36.79	33.26
518	36.20	38.18	37.96	35.04	37.76	39.80	36.96	33.26
519	36.26	38.36	38.17	35.11	37.91	40.01	37.13	33.24
520	36.34	38.54	38.37	35.19	38.06	40.19	37.30	33.23
521	36.42	38.71	38.55	35.27	38.20	40.37	37.47	33.22
522	36.49	38.86	38.73	35.35	38.35	40.55	37.64	33.22
523	36.57	39.01	38.89	35.44	38.49	40.71	37.80	33.21
524	36.65	39.16	39.05	35.53	38.65	40.87	37.96	33.21
525	36.74	39.29	39.21	35.62	38.79	41.03	38.12	33.20
526	36.82	39.43	39.35	35.71	38.93	41.17	38.26	33.20
527	36.90	39.55	39.49	35.79	39.08	41.32	38.41	33.19
528	36.98	39.67	39.61	35.88	39.21	41.46	38.55	33.19
529	37.07	39.78	39.74	35.97	39.36	41.59	38.69	33.19
530	37.15	39.90	39.85	36.05	39.49	41.72	38.83	33.19
531	37.23	40.00	39.96	36.14	39.62	41.85	38.95	33.20
532	37.31	40.11	40.07	36.22	39.75	41.97	39.08	33.20
533	37.40	40.20	40.18	36.31	39.88	42.08	39.20	33.20
534	37.48	40.30	40.27	36.39	40.01	42.20	39.32	33.21
535	37.56	40.39	40.37	36.47	40.13	42.31	39.43	33.22
536	37.64	40.47	40.45	36.56	40.25	42.42	39.54	33.24
537	37.72	40.56	40.54	36.64	40.37	42.52	39.65	33.24
538	37.80	40.64	40.62	36.72	40.48	42.62	39.75	33.25
539	37.88	40.72	40.70	36.80	40.60	42.72	39.85	33.27
540	37.95	40.80	40.78	36.87	40.71	42.81	39.94	33.28
541	38.03	40.87	40.85	36.95	40.82	42.91	40.04	33.30
542	38.11	40.95	40.92	37.03	40.93	43.00	40.13	33.32
543	38.18	41.02	40.99	37.09	41.03	43.09	40.21	33.33
544	38.25	41.09	41.05	37.17	41.13	43.17	40.29	33.34
545	38.32	41.16	41.12	37.23	41.22	43.25	40.37	33.36
546	38.39	41.22	41.18	37.31	41.32	43.33	40.45	33.38
547	38.47	41.28	41.24	37.37	41.42	43.41	40.52	33.40
548	38.54	41.34	41.29	37.44	41.50	43.49	40.60	33.42
549	38.61	41.40	41.35	37.51	41.60	43.56	40.67	33.45
550	38.68	41.46	41.40	37.58	41.69	43.63	40.73	33.47
551	38.75	41.52	41.46	37.64	41.77	43.70	40.81	33.48
552	38.81	41.57	41.50	37.71	41.85	43.77	40.87	33.51
553	38.88	41.63	41.56	37.77	41.93	43.83	40.93	33.53
554	38.95	41.68	41.60	37.83	42.01	43.89	40.99	33.55
555	39.01	41.74	41.65	37.90	42.10	43.96	41.04	33.57
556	39.08	41.78	41.69	37.95	42.17	44.02	41.10	33.60
557	39.14	41.78	41.67	38.01	42.24	43.96	41.16	33.62
558	39.20	41.69	41.52	38.07	42.29	43.75	41.19	33.65
559	39.26	41.52	41.30	38.12	42.31	43.47	41.20	33.67
560	39.30	41.32	41.04	38.16	42.28	43.16	41.18	33.70
561	39.33	41.08	40.76	38.18	42.24	42.86	41.12	33.72
562	39.35	40.85	40.48	38.19	42.16	42.58	41.04	33.74
563	39.35	40.62	40.21	38.18	42.08	42.30	40.94	33.77
564	39.33	40.40	39.95	38.15	41.97	42.04	40.82	33.80
565	39.31	40.18	39.69	38.12	41.86	41.81	40.69	33.82
566	39.27	39.97	39.46	38.08	41.75	41.58	40.55	33.84
567	39.23	39.78	39.23	38.02	41.62	41.36	40.41	33.86
568	39.18	39.58	39.01	37.96	41.49	41.16	40.26	33.88
569	39.13	39.41	38.81	37.90	41.36	40.97	40.10	33.92
570	39.07	39.24	38.62	37.84	41.23	40.79	39.95	33.93
571	39.01	39.08	38.43	37.77	41.10	40.61	39.80	33.95
572	38.94	38.93	38.26	37.69	40.96	40.44	39.64	33.97
573	38.88	38.79	38.10	37.62	40.83	40.28	39.50	33.99
574	38.81	38.65	37.95	37.55	40.70	40.13	39.35	34.01
575	38.74	38.53	37.81	37.47	40.56	39.98	39.20	34.02
576	38.67	38.40	37.67	37.39	40.43	39.84	39.06	34.04
577	38.60	38.29	37.55	37.32	40.30	39.70	38.92	34.05
578	38.53	38.17	37.42	37.24	40.17	39.57	38.79	34.06
579	38.46	38.07	37.31	37.17	40.05	39.45	38.66	34.08
580	38.39	37.97	37.20	37.09	39.93	39.32	38.54	34.09
581	38.32	37.87	37.10	37.02	39.80	39.20	38.42	34.10
582	38.25	37.79	37.00	36.94	39.68	39.09	38.30	34.10
583	38.18	37.70	36.91	36.87	39.56	38.97	38.18	34.11
584	38.11	37.61	36.82	36.79	39.44	38.87	38.08	34.11
585	38.04	37.53	36.74	36.72	39.33	38.76	37.97	34.12
586	37.97	37.45	36.66	36.65	39.22	38.66	37.87	34.12
587	37.91	37.38	36.58	36.58	39.10	38.56	37.77	34.12
588	37.83	37.30	36.51	36.51	38.99	38.47	37.68	34.12
589	37.77	37.24	36.44	36.45	38.89	38.37	37.58	34.12
590	37.70	37.17	36.37	36.38	38.79	38.28	37.50	34.12
591	37.64	37.10	36.31	36.31	38.69	38.20	37.41	34.11
592	37.58	37.04	36.25	36.25	38.59	38.11	37.33	34.11
593	37.51	36.98	36.19	36.19	38.49	38.03	37.25	34.11
594	37.45	36.92	36.13	36.13	38.39	37.95	37.18	34.10
595	37.39	36.87	36.08	36.07	38.30	37.88	37.11	34.09
596	37.32	36.81	36.03	36.00	38.21	37.80	37.03	34.09
597	37.27	36.76	35.98	35.94	38.13	37.73	36.96	34.08
598	37.21	36.71	35.93	35.89	38.04	37.66	36.90	34.07
599	37.15	36.65	35.89	35.82	37.96	37.59	36.83	34.06
600	37.09	36.61	35.84	35.78	37.87	37.52	36.77	34.05
601	37.04	36.56	35.80	35.72	37.79	37.45	36.71	34.04
602	36.98	36.51	35.76	35.67	37.72	37.39	36.65	34.03
603	36.93	36.47	35.72	35.62	37.64	37.33	36.60	34.01
604	36.87	36.43	35.68	35.57	37.57	37.27	36.55	34.01
605	36.82	36.38	35.64	35.51	37.50	37.21	36.49	33.99
606	36.77	36.34	35.61	35.46	37.42	37.17	36.45	33.98
607	36.71	36.37	35.67	35.41	37.36	37.29	36.40	33.97
608	36.66	36.50	35.85	35.37	37.32	37.56	36.38	33.95
609	36.62	36.68	36.09	35.33	37.32	37.87	36.38	33.94
610	36.59	36.91	36.36	35.31	37.36	38.20	36.42	33.93
611	36.58	37.15	36.65	35.30	37.43	38.52	36.50	33.91
612	36.57	37.39	36.93	35.31	37.52	38.83	36.60	33.90
613	36.58	37.63	37.22	35.33	37.63	39.11	36.72	33.89
614	36.61	37.87	37.49	35.36	37.75	39.38	36.86	33.87
615	36.65	38.10	37.75	35.41	37.88	39.65	37.01	33.86
616	36.69	38.32	38.00	35.47	38.02	39.88	37.17	33.84
617	36.75	38.52	38.24	35.53	38.15	40.11	37.33	33.83
618	36.81	38.72	38.47	35.60	38.30	40.33	37.50	33.82
619	36.88	38.91	38.68	35.68	38.44	40.53	37.67	33.80
620	36.95	39.09	38.88	35.75	38.59	40.72	37.84	33.80
621	37.02	39.26	39.07	35.83	38.74	40.90	38.00	33.79
622	37.10	39.42	39.25	35.91	38.89	41.08	38.18	33.78
623	37.17	39.57	39.42	36.00	39.03	41.25	38.34	33.77
624	37.25	39.72	39.59	36.08	39.18	41.41	38.50	33.76
625	37.33	39.86	39.74	36.17	39.33	41.57	38.66	33.76
626	37.41	39.99	39.88	36.26	39.47	41.72	38.81	33.75
627	37.50	40.12	40.02	36.34	39.61	41.86	38.95	33.76
628	37.57	40.24	40.16	36.43	39.75	42.00	39.10	33.75
629	37.66	40.36	40.28	36.52	39.89	42.13	39.24	33.75
630	37.74	40.47	40.40	36.60	40.02	42.27	39.37	33.75
631	37.82	40.57	40.51	36.68	40.16	42.39	39.51	33.76
632	37.90	40.67	40.62	36.78	40.27	42.51	39.63	33.76
633	37.98	40.77	40.73	36.86	40.40	42.62	39.75	33.76
634	38.06	40.87	40.83	36.94	40.52	42.74	39.87	33.77
635	38.14	40.96	40.92	37.02	40.65	42.85	39.99	33.77
636	38.22	41.05	41.01	37.10	40.77	42.96	40.10	33.79
637	38.30	41.14	41.09	37.18	40.90	43.06	40.20	33.79
638	38.38	41.22	41.18	37.26	41.02	43.17	40.31	33.80
639	38.46	41.29	41.25	37.34	41.12	43.26	40.40	33.82
640	38.53	41.37	41.33	37.41	41.23	43.36	40.50	33.83
641	38.61	41.45	41.40	37.49	41.34	43.45	40.59	33.84
642	38.68	41.52	41.47	37.57	41.44	43.54	40.68	33.86
643	38.76	41.59	41.54	37.64	41.54	43.62	40.77	33.87
644	38.83	41.65	41.61	37.71	41.64	43.70	40.85	33.89
645	38.90	41.72	41.67	37.79	41.75	43.79	40.93	33.91
646	38.97	41.78	41.74	37.86	41.82	43.85	41.01	33.93
647	39.04	41.84	41.79	37.92	41.91	43.93	41.09	33.95
648	39.11	41.90	41.85	37.99	42.01	44.01	41.16	33.96
649	39.18	41.96	41.91	38.06	42.10	44.09	41.23	33.98
650	39.25	42.03	41.96	38.12	42.20	44.16	41.30	34.01
651	39.31	42.08	42.01	38.19	42.28	44.23	41.36	34.03
652	39.38	42.14	42.06	38.25	42.36	44.30	41.42	34.05
653	39.44	42.19	42.11	38.32	42.45	44.36	41.49	34.07
654	39.51	42.24	42.15	38.38	42.53	44.42	41.54	34.09
655	39.57	42.29	42.20	38.44	42.61	44.49	41.60	34.11
656	39.63	42.34	42.24	38.50	42.68	44.55	41.66	34.13
657	39.69	42.39	42.27	38.54	42.75	44.60	41.70	34.15
658	39.75	42.44	42.32	38.61	42.82	44.67	41.76	34.18
659	39.81	42.48	42.36	38.67	42.90	44.72	41.81	34.21
660	39.88	42.49	42.35	38.72	42.96	44.68	41.86	34.23
661	39.93	42.41	42.22	38.78	43.02	44.48	41.89	34.25
662	39.98	42.25	41.99	38.82	43.03	44.20	41.90	34.28
663	40.02	42.03	41.74	38.86	43.01	43.89	41.88	34.30
664	40.05	41.80	41.46	38.87	42.96	43.59	41.83	34.33
665	40.07	41.57	41.18	38.88	42.88	43.29	41.75	34.35
666	40.06	41.33	40.89	38.87	42.79	43.02	41.64	34.37
667	40.05	41.10	40.63	38.84	42.68	42.75	41.52	34.39
668	40.02	40.88	40.37	38.80	42.57	42.50	41.38	34.42
669	39.98	40.66	40.13	38.77	42.45	42.27	41.24	34.45
670	39.94	40.46	39.89	38.71	42.32	42.05	41.09	34.47
671	39.88	40.27	39.67	38.65	42.19	41.84	40.93	34.49
672	39.83	40.09	39.46	38.58	42.05	41.64	40.78	34.51
673	39.77	39.92	39.27	38.51	41.92	41.46	40.62	34.53
674	39.70	39.76	39.08	38.44	41.78	41.27	40.46	34.55
675	39.64	39.60	38.91	38.36	41.64	41.10	40.31	34.57
676	39.57	39.45	38.74	38.28	41.50	40.93	40.16	34.59
677	39.50	39.31	38.59	38.21	41.36	40.78	40.01	34.61
678	39.43	39.18	38.43	38.12	41.22	40.62	39.86	34.62
679	39.35	39.05	38.30	38.05	41.10	40.47	39.71	34.64
680	39.28	38.93	38.17	37.97	40.96	40.34	39.58	34.65
681	39.20	38.82	38.04	37.90	40.82	40.20	39.44	34.66
682	39.13	38.71	37.92	37.81	40.69	40.07	39.31	34.67
683	39.06	38.61	37.81	37.74	40.56	39.94	39.18	34.68
684	38.98	38.51	37.71	37.65	40.44	39.82	39.05	34.69
685	38.91	38.41	37.60	37.58	40.31	39.70	38.93	34.70
686	38.84	38.32	37.51	37.50	40.19	39.59	38.82	34.70
687	38.77	38.23	37.42	37.43	40.07	39.48	38.71	34.70
688	38.69	38.15	37.34	37.35	39.95	39.37	38.60	34.71
689	38.62	38.07	37.25	37.28	39.83	39.27	38.49	34.71
690	38.55	37.99	37.18	37.21	39.72	39.16	38.39	34.71
691	38.48	37.92	37.10	37.13	39.61	39.06	38.30	34.71
692	38.41	37.84	37.03	37.07	39.50	38.97	38.20	34.71
693	38.34	37.77	36.95	37.00	39.40	38.87	38.11	34.70
694	38.27	37.70	36.89	36.93	39.29	38.78	38.02	34.70
695	38.20	37.64	36.83	36.86	39.19	38.69	37.94	34.69
696	38.14	37.58	36.76	36.80	39.09	38.61	37.86	34.69
697	38.07	37.51	36.70	36.73	38.99	38.52	37.78	34.68
698	38.00	37.45	36.65	36.67	38.90	38.45	37.70	34.68
699	37.94	37.40	36.60	36.60	38.80	38.37	37.63	34.67
700	37.88	37.34	36.54	36.54	38.71	38.30	37.56	34.66
701	37.81	37.29	36.50	36.48	38.62	38.22	37.49	34.65
702	37.76	37.23	36.44	36.42	38.54	38.14	37.42	34.64
703	37.70	37.18	36.40	36.37	38.46	38.08	37.37	34.63
704	37.63	37.13	36.35	36.31	38.37	38.01	37.30	34.61
705	37.57	37.08	36.31	36.25	38.29	37.94	37.24	34.60
706	37.51	37.03	36.27	36.20	38.20	37.88	37.19	34.59
707	37.45	36.98	36.23	36.14	38.13	37.81	37.13	34.59
708	37.40	36.95	36.20	36.09	38.06	37.79	37.08	34.57
709	37.34	37.01	36.29	36.04	37.99	37.95	37.03	34.56
710	37.29	37.14	36.49	35.99	37.95	38.23	37.01	34.54
711	37.24	37.34	36.74	35.96	37.96	38.55	37.02	34.53
712	37.21	37.56	37.01	35.93	38.01	38.88	37.07	34.52
713	37.19	37.80	37.29	35.92	38.08	39.20	37.14	34.50
714	37.19	38.04	37.57	35.93	38.17	39.49	37.24	34.49
715	37.21	38.27	37.85	35.95	38.28	39.77	37.37	34.47
716	37.23	38.51	38.12	35.99	38.40	40.03	37.50	34.46
717	37.27	38.73	38.37	36.03	38.52	40.28	37.65	34.44
718	37.31	38.94	38.61	36.08	38.66	40.51	37.81	34.43
719	37.37	39.14	38.85	36.14	38.79	40.73	37.97	34.42
720	37.42	39.33	39.07	36.21	38.93	40.93	38.13	34.41
721	37.48	39.51	39.27	36.28	39.08	41.13	38.30	34.39
722	37.55	39.68	39.47	36.36	39.22	41.32	38.47	34.38
723	37.62	39.85	39.65	36.44	39.36	41.50	38.63	34.37
724	37.69	40.01	39.83	36.52	39.50	41.67	38.79	34.37
725	37.76	40.15	39.99	36.60	39.65	41.83	38.95	34.36
726	37.84	40.29	40.15	36.68	39.79	41.99	39.11	34.35
727	37.91	40.43	40.30	36.76	39.93	42.14	39.26	34.34
728	37.99	40.55	40.44	36.85	40.07	42.28	39.41	34.33
729	38.07	40.68	40.58	36.94	40.20	42.42	39.55	34.34
730	38.14	40.79	40.70	37.02	40.34	42.55	39.69	34.33
731	38.22	40.90	40.82	37.10	40.47	42.68	39.83	34.33
732	38.30	41.01	40.94	37.18	40.60	42.80	39.96	34.33
733	38.38	41.11	41.05	37.27	40.73	42.92	40.08	34.33
734	38.45	41.21	41.15	37.34	40.85	43.05	40.21	34.33
735	38.53	41.30	41.24	37.43	40.98	43.16	40.32	34.34
736	38.60	41.39	41.34	37.50	41.10	43.27	40.44	34.35
737	38.68	41.48	41.43	37.58	41.22	43.37	40.54	34.35
738	38.75	41.56	41.51	37.66	41.34	43.47	40.65	34.36
739	38.83	41.64	41.60	37.74	41.45	43.58	40.75	34.36
740	38.90	41.72	41.68	37.82	41.56	43.67	40.86	34.38
741	38.98	41.79	41.75	37.90	41.67	43.77	40.95	34.39
742	39.05	41.87	41.82	37.97	41.78	43.86	41.04	34.40
743	39.12	41.94	41.89	38.04	41.88	43.94	41.14	34.41
744	39.19	42.01	41.96	38.11	41.98	44.03	41.21	34.42
745	39.26	42.07	42.02	38.18	42.08	44.11	41.30	34.44
746	39.33	42.13	42.08	38.25	42.17	44.19	41.38	34.46
747	39.40	42.20	42.15	38.32	42.27	44.27	41.45	34.48
748	39.46	42.26	42.20	38.39	42.36	44.35	41.53	34.49
749	39.53	42.32	42.26	38.45	42.45	44.42	41.60	34.51
750	39.60	42.38	42.31	38.51	42.54	44.49	41.67	34.53
751	39.66	42.43	42.36	38.58	42.63	44.57	41.74	34.55
752	39.72	42.48	42.41	38.64	42.71	44.63	41.81	34.57
753	39.79	42.54	42.47	38.71	42.79	44.70	41.87	34.59
754	39.85	42.59	42.51	38.76	42.87	44.76	41.93	34.60
755	39.91	42.64	42.56	38.83	42.94	44.82	41.99	34.63
756	39.97	42.69	42.60	38.88	43.02	44.88	42.04	34.65
757	40.03	42.74	42.65	38.94	43.10	44.94	42.10	34.67
758	40.09	42.78	42.69	39.00	43.17	45.00	42.15	34.69
759	40.15	42.82	42.72	39.05	43.24	45.04	42.20	34.72
760	40.21	42.79	42.65	39.11	43.30	44.91	42.25	34.74
761	40.26	42.66	42.47	39.16	43.34	44.66	42.28	34.76
762	40.31	42.48	42.23	39.20	43.34	44.37	42.27	34.78
763	40.34	42.26	41.96	39.23	43.30	44.06	42.23	34.80
764	40.36	42.02	41.68	39.24	43.24	43.77	42.17	34.83
765	40.37	41.78	41.41	39.24	43.15	43.48	42.07	34.85
766	40.36	41.55	41.13	39.22	43.05	43.21	41.97	34.87
767	40.34	41.33	40.87	39.19	42.94	42.96	41.84	34.90
768	40.31	41.11	40.62	39.14	42.82	42.72	41.70	34.92
769	40.27	40.91	40.38	39.09	42.70	42.49	41.56	34.94
770	40.22	40.71	40.16	39.03	42.57	42.28	41.41	34.96
771	40.17	40.53	39.94	38.97	42.43	42.07	41.25	34.98
772	40.11	40.35	39.74	38.90	42.30	41.88	41.10	35.01
773	40.04	40.18	39.55	38.83	42.16	41.70	40.94	35.02
774	39.98	40.02	39.37	38.76	42.03	41.52	40.78	35.03
775	39.91	39.87	39.19	38.68	41.89	41.35	40.63	35.05
776	39.84	39.72	39.04	38.60	41.75	41.19	40.48	35.07
777	39.76	39.59	38.89	38.52	41.62	41.04	40.34	35.08
778	39.69	39.46	38.74	38.45	41.48	40.89	40.19	35.10
779	39.62	39.34	38.61	38.36	41.35	40.74	40.05	35.11
780	39.55	39.22	38.48	38.29	41.21	40.60	39.91	35.12
781	39.47	39.10	38.36	38.21	41.08	40.47	39.78	35.13
782	39.40	39.00	38.24	38.12	40.95	40.34	39.65	35.14
783	39.33	38.89	38.13	38.05	40.81	40.21	39.53	35.15
784	39.25	38.80	38.03	37.97	40.69	40.09	39.41	35.16
785	39.18	38.70	37.93	37.90	40.57	39.98	39.28	35.16
786	39.11	38.61	37.83	37.83	40.45	39.86	39.17	35.16
787	39.03	38.53	37.74	37.74	40.33	39.75	39.06	35.17
788	38.96	38.45	37.66	37.67	40.21	39.65	38.95	35.17
789	38.89	38.36	37.58	37.60	40.10	39.54	38.85	35.17
790	38.82	38.29	37.49	37.53	39.99	39.44	38.75	35.17
791	38.75	38.20	37.42	37.45	39.87	39.35	38.66	35.17
792	38.68	38.14	37.35	37.38	39.76	39.25	38.56	35.16
793	38.61	38.08	37.29	37.32	39.66	39.16	38.47	35.16
794	38.54	38.00	37.22	37.25	39.56	39.07	38.38	35.15
795	38.47	37.94	37.16	37.18	39.46	38.98	38.30	35.15
796	38.40	37.87	37.10	37.12	39.36	38.90	38.22	35.14
797	38.34	37.81	37.04	37.06	39.26	38.81	38.14	35.13
798	38.27	37.75	36.98	36.99	39.17	38.73	38.07	35.13
799	38.21	37.70	36.93	36.93	39.08	38.66	38.00	35.11
800	38.14	37.64	36.88	36.87	38.99	38.59	37.92	35.11
801	38.08	37.59	36.83	36.80	38.90	38.51	37.86	35.10
802	38.02	37.53	36.78	36.75	38.81	38.44	37.79	35.08
803	37.95	37.48	36.73	36.69	38.73	38.37	37.73	35.07
804	37.90	37.43	36.69	36.63	38.64	38.31	37.67	35.06
805	37.84	37.38	36.64	36.58	38.57	38.24	37.61	35.05
806	37.77	37.33	36.60	36.52	38.49	38.18	37.56	35.04
807	37.72	37.29	36.56	36.47	38.41	38.11	37.50	35.03
808	37.67	37.24	36.52	36.41	38.34	38.05	37.44	35.01
809	37.60	37.20	36.50	36.36	38.26	38.02	37.39	34.99
810	37.56	37.24	36.57	36.31	38.20	38.16	37.35	34.98
811	37.50	37.37	36.76	36.26	38.16	38.44	37.33	34.96
812	37.46	37.57	37.00	36.22	38.17	38.76	37.33	34.95
813	37.42	37.79	37.27	36.20	38.21	39.09	37.38	34.93
814	37.41	38.03	37.56	36.19	38.28	39.40	37.45	34.92
815	37.41	38.28	37.84	36.20	38.37	39.70	37.56	34.90
816	37.42	38.52	38.12	36.22	38.48	39.99	37.68	34.89
817	37.45	38.75	38.39	36.26	38.60	40.26	37.81	34.87
818	37.48	38.97	38.65	36.30	38.73	40.50	37.96	34.86
819	37.53	39.18	38.89	36.35	38.86	40.74	38.11	34.85
820	37.58	39.39	39.13	36.42	39.00	40.96	38.27	34.84
821	37.64	39.58	39.35	36.48	39.15	41.17	38.45	34.81
822	37.71	39.76	39.56	36.55	39.29	41.37	38.61	34.80
823	37.77	39.94	39.76	36.63	39.44	41.56	38.78	34.79
824	37.85	40.11	39.94	36.71	39.58	41.75	38.94	34.78
825	37.92	40.26	40.12	36.79	39.72	41.91	39.10	34.77
826	38.00	40.41	40.29	36.87	39.87	42.08	39.26	34.76
827	38.07	40.56	40.45	36.96	40.01	42.24	39.42	34.75
828	38.14	40.69	40.60	37.04	40.15	42.39	39.57	34.74
829	38.23	40.83	40.74	37.13	40.30	42.55	39.72	34.73
830	38.31	40.95	40.88	37.21	40.43	42.68	39.87	34.73
831	38.38	41.07	41.01	37.29	40.57	42.82	40.01	34.72
832	38.46	41.18	41.13	37.38	40.70	42.95	40.14	34.72
833	38.54	41.29	41.24	37.46	40.84	43.08	40.28	34.73
834	38.62	41.40	41.36	37.55	40.97	43.20	40.41	34.73
835	38.70	41.50	41.46	37.63	41.10	43.32	40.53	34.73
836	38.78	41.59	41.56	37.71	41.22	43.44	40.65	34.73
837	38.85	41.69	41.66	37.79	41.35	43.55	40.76	34.74
838	38.93	41.77	41.75	37.87	41.46	43.66	40.87	34.74
839	39.01	41.85	41.84	37.95	41.59	43.77	40.98	34.75
840	39.08	41.94	41.92	38.03	41.71	43.87	41.09	34.76
841	39.16	42.02	42.00	38.11	41.82	43.97	41.19	34.77
842	39.24	42.10	42.08	38.18	41.93	44.06	41.28	34.77
843	39.31	42.17	42.15	38.26	42.03	44.16	41.38	34.79
844	39.38	42.25	42.22	38.33	42.14	44.25	41.47	34.80
845	39.45	42.31	42.30	38.41	42.24	44.33	41.55	34.82
846	39.53	42.38	42.36	38.48	42.35	44.42	41.64	34.83
847	39.59	42.45	42.43	38.54	42.45	44.50	41.72	34.84
848	39.66	42.51	42.49	38.62	42.54	44.58	41.80	34.86
849	39.73	42.57	42.55	38.69	42.64	44.66	41.88	34.88
850	39.80	42.63	42.60	38.76	42.73	44.74	41.95	34.89
851	39.86	42.69	42.66	38.82	42.82	44.81	42.01	34.91
852	39.93	42.75	42.71	38.88	42.91	44.88	42.09	34.93
853	40.00	42.80	42.77	38.95	42.99	44.96	42.16	34.95
854	40.06	42.86	42.81	39.01	43.08	45.02	42.22	34.97
855	40.13	42.91	42.86	39.07	43.16	45.09	42.28	34.99
856	40.19	42.97	42.91	39.13	43.24	45.15	42.34	35.01
857	40.25	43.01	42.95	39.19	43.32	45.21	42.40	35.03
858	40.31	43.06	42.99	39.25	43.40	45.27	42.45	35.05
859	40.37	43.11	43.03	39.31	43.47	45.33	42.50	35.07
860	40.43	43.13	43.04	39.36	43.54	45.32	42.56	35.09
861	40.49	43.07	42.93	39.42	43.60	45.15	42.60	35.12
862	40.54	42.91	42.72	39.47	43.62	44.88	42.62	35.14
863	40.59	42.71	42.47	39.50	43.61	44.58	42.60	35.15
864	40.62	42.49	42.19	39.53	43.56	44.27	42.55	35.18
865	40.63	42.25	41.91	39.53	43.50	43.97	42.48	35.20
866	40.64	42.01	41.63	39.52	43.41	43.70	42.37	35.22
867	40.62	41.78	41.36	39.50	43.30	43.44	42.26	35.24
868	40.60	41.56	41.11	39.47	43.20	43.19	42.12	35.26
869	40.56	41.35	40.86	39.42	43.07	42.95	41.99	35.29
870	40.52	41.14	40.62	39.37	42.95	42.73	41.84	35.30
871	40.47	40.95	40.40	39.31	42.82	42.52	41.70	35.33
872	40.41	40.77	40.20	39.25	42.68	42.32	41.54	35.35
873	40.35	40.60	40.00	39.17	42.56	42.13	41.38	35.37
874	40.29	40.43	39.81	39.10	42.42	41.95	41.22	35.39
875	40.22	40.27	39.63	39.03	42.28	41.78	41.07	35.41
876	40.16	40.13	39.47	38.96	42.14	41.61	40.92	35.42
877	40.08	39.98	39.31	38.88	42.01	41.45	40.77	35.44
878	40.01	39.85	39.16	38.80	41.87	41.30	40.62	35.46
879	39.94	39.72	39.02	38.72	41.74	41.15	40.48	35.48
880	39.87	39.60	38.88	38.64	41.61	41.01	40.34	35.48
881	39.79	39.48	38.75	38.57	41.48	40.87	40.21	35.49
882	39.72	39.37	38.64	38.48	41.35	40.74	40.07	35.50
883	39.64	39.27	38.52	38.41	41.22	40.61	39.94	35.51
884	39.57	39.16	38.41	38.33	41.09	40.49	39.82	35.51
885	39.49	39.06	38.31	38.25	40.97	40.37	39.69	35.52
886	39.42	38.97	38.21	38.17	40.84	40.25	39.58	35.53
887	39.34	38.88	38.11	38.09	40.72	40.14	39.47	35.53
888	39.27	38.80	38.02	38.02	40.60	40.03	39.35	35.53
889	39.20	38.71	37.94	37.95	40.48	39.93	39.25	35.53
890	39.12	38.63	37.86	37.87	40.38	39.82	39.15	35.53
891	39.05	38.55	37.78	37.80	40.27	39.72	39.05	35.53
892	38.98	38.48	37.70	37.73	40.16	39.63	38.95	35.53
893	38.91	38.41	37.63	37.66	40.04	39.53	38.86	35.52
894	38.84	38.34	37.56	37.59	39.94	39.44	38.76	35.51
895	38.78	38.27	37.49	37.51	39.84	39.35	38.68	35.50
896	38.71	38.20	37.43	37.45	39.74	39.26	38.59	35.49
897	38.63	38.14	37.37	37.38	39.64	39.18	38.52	35.49
898	38.58	38.07	37.31	37.32	39.54	39.10	38.44	35.48
899	38.51	38.01	37.25	37.26	39.45	39.02	38.37	35.47
900	38.44	37.96	37.19	37.20	39.36	38.94	38.29	35.46
901	38.38	37.90	37.14	37.13	39.26	38.87	38.22	35.45
902	38.32	37.84	37.09	37.07	39.17	38.79	38.15	35.44
903	38.26	37.79	37.04	37.01	39.09	38.72	38.08	35.42
904	38.20	37.74	36.99	36.95	39.01	38.65	38.02	35.42
905	38.13	37.68	36.95	36.90	38.92	38.58	37.96	35.40
906	38.08	37.63	36.90	36.84	38.85	38.51	37.91	35.39
907	38.02	37.58	36.86	36.78	38.76	38.45	37.85	35.37
908	37.96	37.54	36.82	36.73	38.69	38.38	37.79	35.36
909	37.91	37.49	36.78	36.68	38.61	38.33	37.74	35.35
910	37.85	37.48	36.79	36.62	38.54	38.35	37.69	35.33
911	37.79	37.56	36.91	36.57	38.49	38.56	37.65	35.31
912	37.74	37.72	37.12	36.53	38.46	38.85	37.64	35.30
913	37.70	37.93	37.35	36.44	38.48	39.18	37.63	35.24
914	37.67	38.16	37.61	36.39	38.53	39.50	37.67	35.20
915	37.66	38.39	37.91	36.42	38.61	39.81	37.78	35.20
916	37.66	38.63	38.19	36.44	38.71	40.10	37.89	35.20
917	37.68	38.87	38.46	36.47	38.82	40.37	38.02	35.19
918	37.71	39.09	38.73	36.52	38.94	40.63	38.16	35.17
919	37.75	39.31	38.98	36.56	39.07	40.87	38.32	35.16
920	37.80	39.52	39.22	36.62	39.20	41.10	38.47	35.15
921	37.85	39.71	39.44	36.68	39.33	41.30	38.64	35.14
922	37.91	39.90	39.66	36.75	39.48	41.51	38.80	35.12
923	37.98	40.08	39.86	36.82	39.62	41.70	38.97	35.11
924	38.05	40.24	40.05	36.89	39.76	41.88	39.13	35.10
925	38.11	40.40	40.23	36.97	39.90	42.06	39.30	35.09
926	38.19	40.56	40.40	37.05	40.04	42.23	39.46	35.08
927	38.25	40.70	40.56	37.13	40.19	42.39	39.62	35.07
928	38.34	40.84	40.72	37.21	40.33	42.54	39.76	35.06
929	38.42	40.97	40.86	37.30	40.46	42.69	39.91	35.06
930	38.50	41.10	41.00	37.38	40.60	42.83	40.06	35.05
931	38.57	41.22	41.13	37.46	40.74	42.97	40.20	35.05
932	38.65	41.33	41.25	37.54	40.87	43.10	40.34	35.04
933	38.73	41.44	41.37	37.63	41.00	43.23	40.47	35.03
934	38.80	41.54	41.48	37.70	41.13	43.35	40.61	35.04
935	38.88	41.64	41.59	37.79	41.26	43.47	40.72	35.04
936	38.96	41.74	41.69	37.87	41.38	43.59	40.84	35.03
937	39.04	41.83	41.79	37.95	41.50	43.70	40.96	35.04
938	39.11	41.92	41.88	38.03	41.63	43.80	41.07	35.04
939	39.18	42.01	41.96	38.10	41.75	43.91	41.18	35.05
940	39.26	42.08	42.05	38.18	41.85	44.01	41.28	35.06
941	39.33	42.16	42.13	38.26	41.96	44.10	41.39	35.07
942	39.41	42.24	42.21	38.33	42.07	44.20	41.49	35.07
943	39.48	42.32	42.28	38.41	42.18	44.29	41.58	35.08
944	39.55	42.39	42.35	38.48	42.29	44.38	41.67	35.09
945	39.62	42.46	42.42	38.55	42.39	44.47	41.75	35.10
946	39.69	42.53	42.48	38.62	42.49	44.56	41.83	35.11
947	39.76	42.60	42.55	38.69	42.59	44.64	41.91	35.13
948	39.83	42.66	42.61	38.76	42.68	44.72	41.99	35.14
949	39.90	42.72	42.67	38.82	42.77	44.80	42.07	35.16
950	39.97	42.78	42.72	38.89	42.87	44.87	42.14	35.17
951	40.03	42.83	42.78	38.96	42.96	44.94	42.22	35.19
952	40.10	42.89	42.83	39.02	43.05	45.01	42.28	35.21
953	40.16	42.95	42.88	39.08	43.13	45.08	42.35	35.23
954	40.23	43.00	42.92	39.15	43.21	45.15	42.41	35.24
955	40.30	43.05	42.97	39.20	43.30	45.21	42.47	35.27
956	40.36	43.10	43.02	39.26	43.37	45.27	42.53	35.28
957	40.41	43.15	43.06	39.32	43.45	45.33	42.59	35.30
958	40.48	43.20	43.11	39.38	43.52	45.39	42.65	35.32
959	40.54	43.25	43.14	39.44	43.60	45.45	42.70	35.34
960	40.59	43.29	43.18	39.49	43.67	45.50	42.75	35.36
961	40.65	43.29	43.16	39.54	43.74	45.44	42.79	35.38
962	40.70	43.19	43.00	39.59	43.79	45.22	42.83	35.40
963	40.76	43.02	42.78	39.64	43.80	44.94	42.83	35.42
964	40.80	42.81	42.52	39.67	43.78	44.64	42.81	35.45
965	40.82	42.58	42.25	39.69	43.72	44.34	42.75	35.47
966	40.83	42.34	41.97	39.69	43.64	44.05	42.67	35.49
967	40.83	42.11	41.69	39.67	43.56	43.78	42.57	35.51
968	40.81	41.88	41.43	39.65	43.44	43.52	42.44	35.53
969	40.78	41.67	41.17	39.61	43.33	43.29	42.31	35.55
970	40.73	41.46	40.93	39.56	43.21	43.05	42.17	35.57
971	40.69	41.26	40.70	39.51	43.08	42.83	42.02	35.59
972	40.64	41.07	40.48	39.45	42.96	42.63	41.87	35.61
973	40.58	40.89	40.28	39.38	42.82	42.43	41.71	35.63
974	40.52	40.71	40.09	39.31	42.68	42.25	41.55	35.65
975	40.45	40.53	39.91	39.24	42.52	42.05	41.40	35.67
976	40.38	40.39	39.73	39.17	42.37	41.87	41.24	35.68
977	40.31	40.24	39.57	39.09	42.25	41.72	41.10	35.70
978	40.24	40.11	39.42	39.01	42.12	41.57	40.95	35.71
979	40.17	39.98	39.27	38.93	41.98	41.42	40.81	35.73
980	40.10	39.86	39.13	38.85	41.85	41.27	40.66	35.74
981	40.03	39.73	39.00	38.77	41.72	41.13	40.52	35.75
982	39.95	39.62	38.87	38.69	41.59	41.00	40.39	35.76
983	39.88	39.51	38.76	38.61	41.46	40.87	40.26	35.77
984	39.80	39.41	38.64	38.54	41.33	40.74	40.13	35.77
985	39.73	39.30	38.54	38.46	41.20	40.62	40.01	35.78
986	39.65	39.20	38.43	38.38	41.08	40.50	39.89	35.78
987	39.58	39.12	38.34	38.30	40.96	40.38	39.77	35.79
988	39.50	39.03	38.25	38.22	40.84	40.27	39.66	35.79
989	39.43	38.94	38.16	38.15	40.71	40.16	39.55	35.79
990	39.36	38.86	38.07	38.08	40.60	40.05	39.45	35.79
991	39.29	38.78	37.99	38.00	40.49	39.95	39.34	35.79
992	39.21	38.70	37.92	37.93	40.38	39.86	39.25	35.79
993	39.15	38.63	37.84	37.86	40.27	39.76	39.15	35.78
994	39.08	38.56	37.77	37.79	40.17	39.67	39.06	35.78
995	39.01	38.49	37.70	37.72	40.06	39.57	38.97	35.77
996	38.94	38.42	37.64	37.65	39.96	39.48	38.88	35.76
997	38.88	38.35	37.57	37.58	39.86	39.40	38.80	35.75
998	38.81	38.30	37.51	37.52	39.76	39.32	38.72	35.75
999	38.74	38.23	37.45	37.45	39.67	39.24	38.65	35.74
1000	38.68	38.17	37.40	37.39	39.57	39.16	38.57	35.73
1001	38.61	38.11	37.34	37.33	39.48	39.08	38.50	35.72
1002	38.54	38.06	37.29	37.26	39.39	39.00	38.43	35.71
1003	38.49	38.00	37.24	37.21	39.31	38.93	38.36	35.70
1004	38.42	37.95	37.19	37.15	39.22	38.86	38.30	35.68
1005	38.36	37.90	37.15	37.09	39.14	38.79	38.23	35.67
1006	38.30	37.84	37.10	37.03	39.05	38.72	38.17	35.65
1007	38.24	37.79	37.05	36.97	38.98	38.66	38.11	35.64
1008	38.18	37.74	37.01	36.92	38.90	38.60	38.06	35.63
1009	38.12	37.70	36.97	36.86	38.82	38.53	38.00	35.62
1010	38.06	37.65	36.92	36.81	38.75	38.47	37.95	35.60
1011	38.01	37.65	36.95	36.76	38.68	38.54	37.90	35.58
1012	37.95	37.75	37.10	36.71	38.63	38.77	37.86	35.56
1013	37.91	37.92	37.32	36.67	38.61	39.08	37.85	35.55
1014	37.87	38.13	37.58	36.63	38.64	39.40	37.89	35.53
1015	37.84	38.37	37.87	36.62	38.70	39.71	37.94	35.52
1016	37.83	38.60	38.15	36.61	38.78	40.02	38.04	35.50
1017	37.83	38.84	38.42	36.63	38.88	40.31	38.15	35.48
1018	37.86	39.08	38.70	36.66	39.00	40.58	38.28	35.47
1019	37.89	39.30	38.95	36.70	39.12	40.83	38.42	35.45
1020	37.93	39.51	39.20	36.75	39.25	41.07	38.58	35.43
1021	37.98	39.72	39.44	36.81	39.38	41.29	38.73	35.42
1022	38.03	39.91	39.66	36.87	39.53	41.51	38.90	35.40
1023	38.09	40.10	39.87	36.94	39.66	41.71	39.06	35.39
1024	38.15	40.27	40.07	37.01	39.81	41.90	39.23	35.38
1025	38.22	40.44	40.26	37.09	39.95	42.08	39.39	35.36
1026	38.29	40.60	40.44	37.17	40.09	42.25	39.55	35.34
1027	38.37	40.75	40.61	37.25	40.23	42.42	39.71	35.34
1028	38.45	40.89	40.76	37.33	40.38	42.58	39.87	35.33
1029	38.52	41.03	40.92	37.41	40.52	42.73	40.02	35.32
1030	38.59	41.16	41.06	37.49	40.65	42.88	40.17	35.31
1031	38.67	41.29	41.19	37.57	40.79	43.02	40.31	35.30
1032	38.75	41.40	41.32	37.65	40.93	43.16	40.45	35.30
1033	38.82	41.51	41.45	37.74	41.06	43.29	40.59	35.29
1034	38.90	41.62	41.57	37.82	41.19	43.41	40.72	35.30
1035	38.98	41.72	41.67	37.90	41.32	43.53	40.85	35.29
1036	39.06	41.82	41.78	37.99	41.45	43.65	40.98	35.29
1037	39.13	41.92	41.89	38.07	41.58	43.77	41.09	35.29
1038	39.20	42.01	41.97	38.15	41.69	43.88	41.21	35.30
1039	39.28	42.10	42.06	38.22	41.81	43.99	41.32	35.30
1040	39.36	42.18	42.15	38.30	41.93	44.09	41.43	35.30
1041	39.44	42.27	42.23	38.38	42.05	44.19	41.53	35.31
1042	39.50	42.34	42.32	38.46	42.15	44.29	41.63	35.32
1043	39.58	42.41	42.39	38.53	42.26	44.38	41.73	35.33
1044	39.65	42.49	42.47	38.60	42.37	44.47	41.82	35.34
1045	39.72	42.57	42.54	38.68	42.48	44.56	41.90	35.34
1046	39.79	42.63	42.61	38.75	42.58	44.64	41.99	35.35
1047	39.86	42.70	42.67	38.82	42.68	44.73	42.07	35.37
1048	39.93	42.77	42.74	38.88	42.77	44.81	42.16	35.39
1049	40.00	42.83	42.79	38.95	42.87	44.89	42.23	35.40
1050	40.07	42.88	42.85	39.02	42.96	44.97	42.30	35.41
1051	40.13	42.95	42.91	39.09	43.05	45.04	42.38	35.43
1052	40.20	43.01	42.96	39.15	43.15	45.11	42.45	35.45
1053	40.26	43.06	43.01	39.21	43.23	45.18	42.52	35.46
1054	40.32	43.11	43.06	39.28	43.32	45.24	42.58	35.48
1055	40.39	43.17	43.11	39.34	43.39	45.31	42.64	35.50
1056	40.45	43.22	43.16	39.40	43.47	45.38	42.70	35.52
1057	40.51	43.27	43.20	39.46	43.55	45.44	42.76	35.54
1058	40.57	43.32	43.25	39.52	43.62	45.50	42.82	35.56
1059	40.64	43.37	43.29	39.57	43.70	45.56	42.87	35.57
1060	40.69	43.41	43.33	39.63	43.78	45.61	42.92	35.59
1061	40.75	43.45	43.36	39.68	43.84	45.65	42.98	35.62
1062	40.81	43.42	43.30	39.73	43.91	45.54	43.02	35.64
1063	40.86	43.30	43.12	39.79	43.95	45.30	43.04	35.66
1064	40.91	43.11	42.88	39.82	43.95	45.00	43.03	35.67
1065	40.95	42.90	42.61	39.86	43.91	44.70	43.00	35.70
1066	40.97	42.66	42.33	39.88	43.86	44.40	42.93	35.72
1067	40.97	42.42	42.06	39.86	43.77	44.12	42.84	35.73
1068	40.96	42.19	41.79	39.85	43.68	43.85	42.73	35.76
1069	40.94	41.97	41.52	39.82	43.57	43.59	42.60	35.78
1070	40.91	41.75	41.27	39.78	43.45	43.36	42.47	35.80
1071	40.86	41.54	41.03	39.73	43.32	43.13	42.32	35.82
1072	40.82	41.35	40.81	39.67	43.19	42.91	42.17	35.84
1073	40.76	41.16	40.60	39.61	43.06	42.71	42.01	35.86
1074	40.70	40.98	40.39	39.54	42.92	42.52	41.86	35.88
1075	40.64	40.81	40.20	39.47	42.79	42.34	41.70	35.89
1076	40.57	40.65	40.02	39.40	42.65	42.16	41.55	35.91
1077	40.50	40.50	39.84	39.32	42.52	41.99	41.39	35.93
1078	40.43	40.35	39.68	39.24	42.38	41.82	41.24	35.94
1079	40.36	40.22	39.53	39.16	42.24	41.67	41.09	35.96
1080	40.29	40.09	39.38	39.08	42.11	41.52	40.95	35.97
1081	40.21	39.96	39.25	39.00	41.97	41.38	40.80	35.98
1082	40.14	39.84	39.12	38.92	41.84	41.23	40.66	35.99
1083	40.07	39.73	38.99	38.85	41.71	41.10	40.53	36.00
1084	39.99	39.62	38.88	38.77	41.58	40.97	40.39	36.01
1085	39.91	39.52	38.77	38.69	41.45	40.85	40.27	36.01
1086	39.84	39.41	38.66	38.61	41.32	40.72	40.14	36.02
1087	39.77	39.32	38.56	38.53	41.20	40.61	40.02	36.02
1088	39.69	39.23	38.46	38.45	41.08	40.49	39.91	36.02
1089	39.62	39.14	38.37	38.37	40.96	40.38	39.80	36.02
1090	39.54	39.06	38.29	38.30	40.84	40.27	39.69	36.02
1091	39.47	38.97	38.20	38.22	40.73	40.17	39.59	36.02
1092	39.41	38.89	38.12	38.15	40.61	40.07	39.49	36.02
1093	39.33	38.82	38.05	38.08	40.50	39.97	39.39	36.02
1094	39.26	38.75	37.97	38.00	40.40	39.88	39.29	36.01
1095	39.19	38.68	37.90	37.94	40.29	39.79	39.20	36.00
1096	39.12	38.60	37.83	37.87	40.19	39.69	39.11	36.00
1097	39.05	38.55	37.77	37.80	40.09	39.60	39.02	35.99
1098	38.99	38.47	37.71	37.73	39.99	39.52	38.94	35.98
1099	38.92	38.41	37.65	37.67	39.89	39.44	38.86	35.98
1100	38.85	38.35	37.59	37.60	39.79	39.36	38.78	35.96
1101	38.79	38.29	37.53	37.54	39.70	39.28	38.72	35.95
1102	38.72	38.24	37.48	37.48	39.61	39.20	38.64	35.94
1103	38.66	38.18	37.43	37.41	39.52	39.12	38.57	35.93
1104	38.60	38.13	37.38	37.35	39.44	39.06	38.50	35.91
1105	38.54	38.07	37.33	37.29	39.34	38.98	38.44	35.90
1106	38.48	38.02	37.28	37.23	39.26	38.91	38.37	35.89
1107	38.42	37.97	37.23	37.18	39.18	38.84	38.31	35.87
1108	38.35	37.92	37.19	37.12	39.10	38.78	38.26	35.86
1109	38.30	37.87	37.15	37.06	39.03	38.72	38.20	35.85
1110	38.24	37.83	37.11	37.01	38.94	38.66	38.14	35.82
