#$SPEC_ID:
#No sample description was entered.
#$SPEC_REM:
#DET# 1
#DETDESC# NEWTON MCB 338
#AP# Maestro Version 6.06
#$DATE_MEA:
#04/08/2019 12:53:20
#$MEAS_TIM:
#4378 4380
#$DATA:
#0 8191
       0
       0
       0
       0
       0
       0
       0
       0
       0
       0
       0
       0
       0
       0
       0
       0
       0
       0
       0
       0
       0
       0
       0
       0
       0
       0
       0
       0
       0
       0
       0
       0
       0
       0
       0
       0
       0
       0
       0
       0
       0
       0
       0
       0
       0
       0
       0
       0
       0
       0
       0
       0
       0
       4
      22
      45
      79
     102
      93
     110
     114
     130
     113
      93
      99
     116
     109
     104
      89
     102
     101
      84
      97
     108
     100
      92
     101
     106
      99
      96
      89
      79
     105
      97
      91
      85
      88
      93
      88
      82
      87
      82
      93
     106
     115
     104
      73
      76
      78
      88
      61
      72
      80
      80
      99
      65
      65
      87
      87
      75
      94
      71
      76
      79
      76
      78
      85
      93
      85
      68
      67
      74
      73
      62
      60
      74
      73
      67
      77
      69
      84
      66
      81
      86
      81
      56
      67
     106
     143
     128
      98
      75
      84
      66
      70
      87
      68
      83
      69
      66
      66
      77
      58
      72
      78
      81
      72
      80
      86
      84
     104
     106
     102
     102
      99
     111
      92
      91
      92
      91
     106
      95
      95
      93
      97
      96
      88
      80
     105
      93
      88
      82
      94
      97
      96
      89
      98
     100
      98
     116
     106
     114
     131
     119
     111
     112
     115
     116
     124
     107
     129
     111
     158
     280
     402
     505
    1348
    3268
    3848
    1726
     374
      65
      49
      66
      64
      63
      68
      66
      53
      79
      52
      45
      43
      65
      57
      58
      64
      48
      53
      48
      46
      61
      56
      57
      73
      52
      69
      69
      57
      54
      54
      73
      52
      51
      71
      65
      59
      70
      58
      63
      64
      73
      60
      68
      72
      68
      75
      56
      66
      70
      64
      63
      60
      81
      69
      63
      71
      56
      60
      52
      70
      66
      63
      73
      74
      60
      66
      67
      69
      63
      59
      67
      81
      72
      79
      56
      73
      88
      61
      55
      80
      60
      76
      59
      67
      70
      63
      65
      67
      60
      67
      57
      62
      59
      78
      51
      55
      52
      66
      82
      59
      71
      62
      59
      78
      58
      81
      76
      67
      70
      71
      80
      76
      79
      72
      68
      90
      74
      70
      74
      65
      81
      78
      74
      84
      67
      86
      79
      88
      84
      98
      72
      79
      87
      77
      95
      78
     108
     107
      79
      98
     108
     100
      98
     113
     111
      95
      98
     102
      95
      90
      91
      96
      93
     117
     107
     104
      99
      88
     101
     108
     100
     123
     109
     130
      96
      99
     123
     129
     135
     117
     143
     158
     143
     118
     129
     130
     125
     119
     135
     121
     110
     125
     122
     125
     126
     131
     118
      97
     118
     119
     121
     133
     120
     161
     168
     180
     118
     112
      94
      90
      90
     101
      86
      86
      87
      73
      77
      90
      82
      72
      81
      83
      81
      68
      71
      82
      79
      76
      74
      78
      68
      70
      66
      63
      70
      77
      77
      68
      88
      68
      54
      62
      70
      60
      58
      63
      72
      65
      70
      72
      65
      75
      54
      62
      69
      66
      64
      51
      70
      63
      61
      60
      65
      68
      62
      72
      65
      75
      67
      64
      62
      60
      68
      59
      72
      57
      51
      54
      77
      56
      75
      64
      72
      68
      63
      76
      59
      70
      76
      58
      54
      55
      72
      65
      63
      40
      42
      67
      74
      64
      72
      52
      66
      70
      62
      69
      60
      54
      68
      55
      77
      69
      68
      58
      58
      54
      61
      51
      50
      51
      50
      50
      59
      60
      47
      54
      48
      46
      41
      50
      42
      39
      44
      44
      41
      41
      35
      37
      49
      34
      52
      53
      39
      49
      28
      38
      27
      41
      36
      37
      41
      48
      40
      21
      35
      46
      38
      47
      54
      54
      61
      51
      52
      40
      29
      36
      34
      40
      32
      35
      36
      42
      40
      36
      35
      32
      27
      38
      36
      26
      30
      32
      37
      22
      35
      40
      23
      30
      32
      23
      31
      26
      24
      29
      20
      31
      43
      29
      31
      31
      28
      30
      28
      24
      33
      24
      38
      27
      22
      34
      21
      24
      16
      26
      24
      20
      31
      22
      27
      23
      34
      23
      28
      18
      25
      21
      19
      30
      29
      17
      17
      23
      15
      13
      20
      44
      19
      23
      22
      23
      15
      24
      29
      23
      19
      29
      21
      30
      32
      21
      26
      18
      19
      17
      22
      31
      21
      18
      26
      19
      26
      21
      22
      20
      22
      27
      27
      22
      26
      18
      20
      24
      15
      15
      29
      19
      11
      26
      25
      18
      27
      15
      27
      20
      26
      18
      17
      21
      51
     110
     272
     476
     434
     275
      93
      40
      17
      17
      20
      16
      18
      21
      16
      20
      20
      17
      18
      14
      19
      17
      12
      18
      18
      20
      16
      10
      21
      18
      21
      14
      12
      11
      12
      15
      13
      18
      16
      24
      15
      21
      10
      16
      17
      14
      19
      13
      21
      12
      12
      25
      17
      19
      19
      17
      16
      17
      24
      18
      18
      13
      18
      14
      21
      30
     122
     389
     789
    1031
     816
     406
     131
      25
      11
      10
      17
      14
      13
      23
      11
       6
      12
      15
      11
      11
      12
      18
      11
      14
       5
      10
      18
      13
      13
      12
       8
      15
       5
      11
      10
       6
       7
      16
      11
       8
      15
      14
      12
      12
       7
       9
      17
      12
       8
      18
      10
       6
       8
       7
      15
      12
      11
       9
      12
      12
      14
      11
      12
      16
      13
       8
      18
      16
      12
       8
      18
      14
      12
      12
      12
      17
      11
      16
       9
      14
      12
       4
      19
      11
      11
       9
      14
       9
      11
      16
       6
      12
      14
      14
      12
      18
      10
      11
      13
      10
      11
      10
      21
      14
      13
      16
      10
      12
       6
      12
      12
      10
       5
      11
      10
      13
      13
      12
       9
      14
      13
      11
       9
       7
      11
      14
      16
      12
      14
      23
      56
     117
     398
    1175
    2254
    2752
    2160
    1101
     324
      67
      14
      10
       4
       6
      11
       7
       4
       5
       5
       5
       5
       6
       9
       6
       4
       8
       7
       7
       6
       7
       4
       7
       1
       7
       3
       6
       4
       5
       1
       2
       4
       3
       5
       5
       2
       2
       4
       5
       9
       2
       2
       6
       6
       4
       3
       4
       2
       3
       4
       6
       5
       5
       2
       2
       3
       4
       4
       3
       9
      12
      29
      82
     160
     299
     328
     310
     152
      57
      13
       6
       1
       4
       5
       3
       7
       3
       4
       1
       4
       4
       3
       4
       2
       2
       7
       1
       2
       3
       3
       6
       5
       4
       3
       0
       4
       2
       1
       8
       3
       3
       0
       3
       2
       2
       2
       3
       1
       3
       2
       2
       2
       5
       5
       4
       4
       4
       3
       5
       4
       3
       2
       4
       1
       2
       3
       2
       3
       7
       2
       4
       1
       4
       3
       1
       4
       4
       5
       2
       3
       3
       1
       1
       2
       5
       0
       2
       2
       4
       1
       3
       3
       3
       1
       1
       3
       2
       2
       2
       5
       3
       2
       1
       6
       3
       0
       2
       1
       5
       1
       1
       4
       3
       5
       4
       2
       0
       2
       2
       3
       6
       1
       5
       3
       2
       3
       3
       3
       1
       0
       4
       1
       1
       7
       5
      12
       6
       6
       1
       1
       2
       7
       4
       4
       2
       1
       2
       2
       3
       2
       3
       3
       1
       2
       1
       1
       5
       2
       4
       1
       2
       3
       4
       2
       3
       3
       2
       6
       3
       5
       2
       3
       1
       3
       1
       4
       1
       5
       1
       4
       3
       3
       1
       4
       0
       4
       2
       2
       1
       3
       6
       3
       4
       1
       4
       4
       5
       4
       0
       2
       4
       4
       3
       7
       4
       1
       3
       4
       4
       2
       0
       4
       4
       0
       4
       3
       3
       2
       5
       4
       0
       2
       2
       1
       0
       2
       4
       2
       4
       1
       2
       4
       2
       2
       2
       6
       0
       1
       1
       3
       3
       4
       5
       2
       3
       4
       3
       2
       1
       4
       2
       2
       0
       3
       0
       2
       3
       2
       1
       1
       3
       2
       2
       5
       6
       3
       1
       7
       3
       3
       2
       1
       1
       0
       1
       4
       1
       3
       3
       3
       2
       1
       3
       3
       1
       3
       2
       2
       2
       0
       0
       1
       0
       2
       2
       4
       1
       3
       4
       2
       0
       2
       3
       1
       1
       2
       3
       2
       2
       8
       2
       5
       2
       5
       2
       3
       3
       6
       1
       4
       8
      13
      10
       8
       5
       2
       2
       4
       1
       3
       1
       2
       4
       3
       2
       3
       3
       1
       0
       4
       0
       4
       3
       2
       0
       5
       0
       1
       2
       2
       3
       1
       3
       3
       2
       1
       2
       1
       2
       2
       1
       1
       1
       1
       3
       6
       1
       3
       1
       2
       2
       1
       5
       0
       2
       4
       3
       3
       2
       4
       2
       2
       3
       1
       1
       4
       0
       1
       1
       3
       3
       1
       4
       4
       2
       1
       3
       3
       3
       2
       3
       2
       3
       3
       2
       0
       2
       1
       1
       2
       3
       2
       2
       1
       1
       0
       2
       2
       3
       2
       1
       1
       1
       4
       3
       2
       4
       4
       3
       1
       1
       1
       2
       1
       2
       2
       5
       0
       1
       2
       4
       2
       2
       4
       2
       1
       0
       2
       3
       3
       3
       3
       2
       3
       1
       1
       0
       3
       2
       2
       2
       3
       0
       1
       2
       4
       3
       2
       1
       3
       4
       3
       0
       3
       0
       0
       1
       5
       3
       2
       1
       2
       2
       3
       3
       0
       2
       3
       1
       0
       3
       1
       1
       3
       0
       1
       3
       3
       2
       2
       2
       2
       3
       5
       4
       3
       1
       2
       3
       3
       0
       3
       0
       3
       1
       3
       1
       1
       1
       1
       3
       2
       2
       5
       2
       2
       6
       1
       2
       3
       4
       3
       8
       2
       2
       0
       0
       0
       4
       1
       2
       1
       1
       3
       1
       0
       0
       1
       0
       1
       2
       0
       0
       0
       4
       1
       0
       0
       2
       1
       0
       2
       0
       1
       6
       1
       3
       2
       0
       0
       1
       1
       2
       3
       2
       0
       3
       0
       1
       1
       1
       4
       2
       1
       2
       3
       1
       1
       3
       1
       0
       1
       1
       2
       2
       3
       2
       0
       3
       0
       1
       3
       3
       3
       1
       1
       0
       1
       0
       0
       2
       5
       2
       2
       1
       1
       1
       2
       1
       3
       0
       1
       1
       0
       3
       2
       2
       2
       0
       2
       0
       3
       1
       0
       1
       2
       0
       1
       2
       1
       1
       1
       2
       3
       3
       1
       3
       1
       2
       3
       2
       2
       3
       2
       3
       2
       3
       2
       2
       0
       0
       0
       1
       2
       1
       3
       0
       2
       1
       2
       0
       1
       2
       2
       4
       1
       2
       0
       3
       1
       1
       0
       1
       1
       2
       2
       1
       2
       0
       0
       2
       2
       0
       2
       5
       4
       3
       3
       1
       1
       2
       2
       4
       0
       2
       1
       1
       0
       0
       2
       1
       0
       3
       3
       4
       4
       2
       2
       2
       2
       3
       2
       5
       0
       1
       1
       0
       2
       0
       1
       0
       2
       2
       1
       2
       1
       2
       2
       0
       0
       1
       2
       0
       0
       4
       2
       3
       0
       2
       1
       6
       1
       0
       1
       0
       2
       2
       1
       2
       3
       2
       1
       2
       0
       3
       2
       1
       0
       2
       0
       0
       3
       0
       1
       2
       2
       0
       0
       0
       1
       3
       3
       1
       1
       1
       2
       3
       2
       0
       0
       0
       2
       2
       1
       3
       0
       2
       1
       0
       3
       3
       3
       3
       2
       0
       0
       1
       2
       0
       0
       2
       1
       4
       4
       1
       3
       3
       1
       2
       1
       2
       1
       3
       1
       1
       0
       2
       3
       3
       2
       2
       1
       1
       1
       1
       1
       0
       0
       2
       2
       2
       0
       2
       1
       3
       1
       0
       2
       2
       0
       1
       1
       4
       4
       2
       0
       0
       3
       4
       5
       1
       3
       1
       0
       2
       1
       1
       4
       2
       1
       0
       3
       1
       2
       0
       2
       0
       2
       1
       1
       0
       3
       1
       1
       2
       0
       2
       3
       1
       2
       1
       2
       2
       2
       4
       4
       1
       2
       1
       1
       1
       1
       1
       2
       2
       0
       0
       1
       1
       2
       0
       0
       1
       2
       0
       1
       1
       0
       2
       1
       1
       2
       0
       2
       2
       2
       0
       1
       1
       1
       1
       0
       2
       3
       1
       2
       1
       1
       0
       0
       2
       2
       1
       1
       0
       4
       1
       1
       2
       2
       3
       1
       1
       1
       2
       2
       2
       0
       1
       0
       3
       2
       4
       1
       0
       2
       2
       1
       1
       0
       0
       1
       1
       2
       1
       0
       2
       2
       2
       2
       2
       0
       2
       3
       1
       0
       0
       2
       2
       1
       0
       2
       1
       1
       0
       0
       1
       1
       2
       1
       3
       0
       2
       0
       1
       3
       2
       2
       1
       1
       0
       2
       1
       1
       2
       2
       2
       1
       2
       2
       0
       0
       0
       3
       1
       1
       3
       0
       1
       1
       1
       2
       2
       2
       4
       2
       1
       3
       1
       0
       1
       1
       2
       1
       1
       2
       1
       3
       2
       0
       1
       0
       2
       3
       0
       2
       3
       0
       1
       3
       4
       0
       1
       0
       1
       1
       0
       0
       0
       0
       1
       0
       3
       0
       1
       2
       1
       3
       1
       2
       1
       1
       2
       1
       1
       2
       2
       2
       0
       0
       3
       0
       0
       1
       0
       0
       0
       0
       1
       1
       1
       0
       3
       2
       2
       1
       2
       0
       3
       1
       1
       1
       2
       1
       2
       2
       2
       2
       2
       2
       1
       2
       0
       2
       0
       4
       2
       2
       1
       4
       0
       1
       2
       0
       1
       2
       2
       1
       0
       0
       1
       0
       1
       2
       2
       2
       0
       0
       3
       0
       3
       2
       0
       2
       1
       0
       2
       2
       1
       1
       1
       2
       2
       0
       0
       0
       1
       1
       1
       0
       2
       2
       3
       2
       0
       0
       0
       1
       0
       2
       3
       0
       0
       2
       1
       1
       1
       3
       0
       1
       1
       1
       2
       1
       1
       0
       0
       1
       3
       3
       0
       1
       6
       3
       2
       3
       1
       0
       2
       2
       1
       3
       0
       0
       2
       2
       2
       2
       2
       1
       2
       1
       0
       1
       1
       1
       3
       1
       2
       2
       3
       0
       1
       2
       1
       0
       0
       0
       0
       1
       1
       0
       1
       1
       0
       1
       1
       2
       1
       1
       0
       2
       0
       0
       3
       0
       2
       1
       3
       1
       1
       2
       0
       1
       2
       0
       3
       2
       3
       1
       3
       0
       1
       0
       0
       3
       0
       1
       0
       0
       0
       1
       1
       4
       0
       2
       1
       0
       1
       1
       1
       1
       0
       1
       1
       0
       2
       0
       2
       3
       2
       2
       2
       2
       2
       0
       1
       1
       1
       2
       1
       0
       3
       2
       2
       1
       0
       2
       3
       1
       1
       2
       1
       0
       1
       1
       0
       4
       0
       0
       1
       3
       1
       3
       0
       1
       2
       2
       1
       2
       0
       1
       3
       1
       0
       0
       1
       0
       0
       0
       1
       3
       1
       1
       1
       0
       1
       0
       0
       2
       2
       2
       4
       0
       2
       3
       0
       1
       1
       3
       2
       2
       1
       0
       1
       0
       0
       0
       1
       0
       1
       1
       0
       1
       2
       0
       1
       2
       1
       1
       0
       0
       0
       1
       1
       0
       1
       0
       1
       2
       2
       1
       1
       1
       1
       2
       2
       1
       1
       1
       0
       2
       1
       0
       2
       3
       2
       0
       0
       1
       2
       1
       0
       0
       0
       0
       0
       1
       0
       2
       1
       0
       1
       2
       1
       0
       3
       1
       1
       1
       0
       1
       1
       0
       1
       0
       0
       1
       1
       1
       0
       1
       2
       1
       3
       0
       1
       0
       1
       2
       3
       2
       3
       1
       1
       1
       3
       1
       0
       2
       0
       1
       0
       2
       0
       0
       0
       0
       0
       0
       1
       1
       0
       0
       0
       1
       1
       2
       0
       2
       2
       1
       3
       1
       0
       0
       0
       1
       1
       1
       0
       0
       0
       0
       0
       0
       0
       0
       1
       2
       0
       0
       0
       2
       1
       1
       3
       2
       2
       1
       0
       0
       2
       2
       1
       0
       1
       1
       1
       1
       0
       2
       1
       2
       1
       1
       0
       2
       1
       1
       0
       2
       3
       0
       0
       0
       1
       0
       1
       0
       1
       2
       1
       0
       3
       2
       1
       1
       0
       0
       2
       1
       1
       1
       0
       3
       1
       0
       1
       0
       1
       1
       2
       2
       1
       2
       1
       2
       2
       3
       1
       1
       0
       2
       0
       0
       1
       1
       0
       0
       0
       1
       1
       0
       0
       4
       0
       0
       0
       1
       0
       3
       0
       1
       1
       0
       0
       1
       1
       1
       0
       1
       0
       1
       1
       2
       1
       0
       0
       0
       1
       0
       1
       0
       0
       0
       0
       1
       2
       0
       0
       1
       1
       1
       2
       3
       2
       0
       1
       1
       2
       0
       0
       3
       1
       1
       0
       0
       0
       1
       2
       0
       3
       0
       2
       2
       0
       0
       0
       2
       1
       0
       1
       0
       0
       1
       1
       0
       1
       0
       0
       3
       0
       0
       0
       0
       1
       2
       1
       0
       1
       1
       2
       1
       1
       0
       2
       0
       1
       1
       2
       0
       0
       4
       0
       1
       0
       0
       3
       1
       2
       1
       0
       1
       2
       1
       0
       0
       4
       1
       0
       1
       0
       0
       3
       0
       1
       0
       0
       3
       2
       0
       1
       0
       1
       0
       0
       4
       0
       2
       1
       0
       0
       0
       0
       1
       1
       0
       0
       0
       0
       0
       0
       0
       0
       0
       0
       2
       1
       2
       1
       1
       2
       1
       0
       0
       0
       0
       0
       0
       1
       1
       0
       1
       3
       1
       1
       0
       1
       1
       0
       1
       1
       1
       0
       1
       0
       0
       2
       1
       0
       4
       1
       1
       1
       0
       3
       0
       2
       1
       2
       2
       0
       2
       0
       1
       1
       0
       1
       1
       1
       0
       0
       1
       0
       2
       3
       2
       0
       1
       1
       1
       0
       0
       0
       3
       2
       1
       1
       0
       0
       1
       2
       2
       0
       2
       2
       1
       0
       2
       0
       1
       2
       1
       5
       0
       1
       1
       0
       0
       1
       1
       0
       0
       1
       0
       0
       1
       2
       2
       1
       1
       1
       0
       1
       0
       1
       1
       0
       1
       1
       1
       0
       1
       1
       0
       0
       1
       2
       1
       4
       1
       1
       1
       2
       1
       2
       1
       2
       1
       0
       1
       0
       0
       2
       0
       0
       1
       1
       2
       1
       0
       0
       0
       1
       0
       0
       0
       0
       0
       1
       0
       2
       1
       0
       0
       0
       1
       0
       0
       2
       0
       2
       2
       1
       1
       2
       2
       0
       2
       3
       1
       2
       0
       0
       2
       1
       2
       1
       3
       0
       1
       0
       1
       1
       1
       4
       1
       1
       0
       2
       2
       0
       0
       1
       4
       0
       2
       0
       2
       2
       0
       0
       1
       1
       1
       3
       2
       0
       0
       3
       0
       1
       1
       1
       0
       1
       2
       0
       2
       0
       1
       1
       0
       1
       2
       1
       0
       1
       0
       0
       0
       1
       0
       1
       0
       0
       2
       1
       1
       2
       0
       1
       1
       0
       0
       1
       1
       1
       1
       0
       0
       0
       0
       0
       2
       0
       2
       0
       1
       0
       0
       2
       1
       2
       1
       0
       1
       3
       2
       1
       2
       0
       0
       2
       1
       0
       1
       0
       0
       1
       1
       1
       0
       0
       0
       1
       0
       3
       0
       2
       3
       0
       1
       1
       2
       1
       0
       1
       1
       0
       2
       0
       0
       0
       0
       2
       2
       2
       0
       1
       0
       0
       0
       0
       1
       0
       2
       0
       1
       1
       1
       1
       1
       0
       2
       0
       0
       0
       1
       0
       3
       2
       0
       0
       2
       1
       2
       1
       1
       1
       2
       0
       1
       2
       0
       0
       0
       1
       0
       1
       1
       3
       0
       0
       2
       0
       0
       1
       0
       1
       0
       1
       0
       0
       0
       0
       3
       0
       2
       0
       1
       2
       0
       3
       2
       1
       1
       0
       0
       2
       0
       0
       0
       1
       6
       0
       0
       1
       0
       0
       1
       1
       1
       1
       2
       3
       0
       0
       2
       1
       0
       0
       0
       0
       0
       3
       3
       0
       1
       0
       0
       1
       0
       3
       0
       0
       2
       2
       0
       0
       1
       0
       0
       1
       1
       1
       0
       0
       1
       0
       0
       1
       1
       0
       0
       0
       3
       2
       0
       0
       0
       0
       0
       0
       2
       0
       1
       0
       0
       0
       0
       0
       1
       0
       0
       0
       1
       0
       2
       0
       0
       0
       1
       1
       0
       0
       1
       1
       0
       0
       0
       0
       1
       1
       0
       1
       1
       0
       0
       0
       0
       0
       0
       1
       0
       0
       1
       1
       1
       1
       0
       2
       0
       2
       0
       0
       0
       1
       0
       0
       0
       0
       0
       0
       0
       3
       1
       0
       1
       1
       0
       0
       1
       1
       2
       0
       0
       0
       1
       0
       0
       0
       0
       3
       0
       0
       0
       0
       0
       1
       1
       0
       0
       0
       0
       0
       1
       0
       0
       1
       1
       0
       1
       2
       0
       0
       0
       1
       1
       0
       1
       0
       2
       0
       0
       0
       1
       1
       0
       0
       0
       0
       0
       2
       0
       0
       0
       1
       0
       1
       0
       0
       2
       1
       0
       0
       1
       0
       2
       0
       0
       0
       1
       0
       0
       0
       0
       2
       0
       0
       0
       0
       0
       0
       0
       0
       0
       1
       0
       0
       0
       2
       0
       0
       0
       0
       2
       0
       2
       1
       1
       0
       1
       0
       1
       0
       1
       0
       1
       0
       0
       1
       0
       1
       1
       0
       0
       1
       0
       0
       0
       1
       2
       0
       0
       0
       1
       1
       0
       2
       0
       1
       0
       0
       2
       0
       0
       1
       0
       1
       0
       1
       0
       0
       0
       1
       0
       1
       0
       1
       0
       1
       0
       0
       1
       0
       0
       0
       1
       2
       2
       1
       0
       0
       1
       0
       1
       0
       2
       0
       1
       1
       0
       0
       0
       2
       0
       0
       2
       3
       0
       1
       0
       3
       0
       1
       2
       0
       1
       1
       0
       2
       1
       0
       0
       0
       1
       0
       2
       0
       1
       0
       0
       0
       0
       0
       0
       0
       0
       0
       3
       0
       1
       0
       0
       2
       0
       0
       0
       1
       0
       0
       0
       0
       1
       0
       0
       1
       0
       0
       0
       0
       1
       1
       0
       1
       0
       1
       0
       0
       0
       0
       0
       1
       0
       0
       1
       0
       1
       1
       0
       1
       2
       0
       2
       0
       1
       2
       0
       1
       0
       0
       0
       0
       1
       0
       2
       0
       2
       0
       1
       2
       0
       0
       0
       2
       1
       0
       0
       1
       1
       1
       0
       3
       0
       0
       0
       0
       0
       2
       0
       0
       0
       0
       2
       0
       0
       0
       0
       0
       1
       0
       1
       1
       1
       0
       0
       0
       2
       1
       1
       0
       0
       0
       0
       0
       0
       0
       0
       0
       1
       1
       0
       1
       0
       0
       1
       0
       1
       2
       1
       0
       0
       0
       0
       0
       2
       0
       1
       0
       1
       0
       0
       0
       1
       0
       0
       3
       0
       0
       0
       0
       1
       0
       0
       0
       0
       1
       1
       0
       0
       1
       2
       1
       0
       1
       2
       0
       1
       1
       0
       1
       0
       1
       2
       0
       1
       0
       1
       1
       1
       0
       0
       0
       1
       0
       0
       0
       0
       2
       0
       0
       0
       1
       0
       0
       0
       0
       0
       2
       0
       0
       0
       2
       0
       0
       1
       0
       0
       3
       2
       0
       2
       4
       2
       3
       1
       6
       4
       4
       6
       3
       1
       0
       1
       1
       0
       1
       0
       1
       1
       0
       2
       0
       0
       0
       0
       0
       1
       0
       0
       1
       0
       0
       0
       0
       0
       1
       0
       0
       1
       0
       0
       0
       1
       1
       0
       0
       0
       0
       0
       0
       1
       0
       0
       0
       1
       0
       0
       0
       2
       0
       1
       0
       0
       0
       0
       0
       0
       0
       0
       1
       0
       1
       0
       0
       0
       2
       1
       0
       1
       0
       0
       1
       0
       1
       1
       0
       0
       1
       0
       0
       0
       0
       1
       0
       1
       1
       0
       0
       0
       1
       1
       0
       0
       0
       0
       1
       0
       0
       0
       1
       2
       1
       1
       0
       0
       0
       0
       0
       0
       0
       1
       3
       0
       0
       0
       0
       0
       2
       0
       3
       0
       2
       0
       0
       0
       0
       1
       0
       0
       2
       0
       1
       0
       0
       1
       0
       0
       0
       0
       0
       0
       0
       0
       0
       0
       0
       0
       2
       0
       0
       0
       1
       1
       0
       1
       0
       0
       0
       0
       0
       1
       0
       1
       0
       0
       3
       1
       1
       0
       0
       0
       0
       1
       0
       0
       2
       2
       0
       0
       0
       0
       0
       0
       0
       0
       0
       0
       1
       0
       1
       1
       0
       1
       0
       0
       0
       1
       0
       0
       0
       0
       0
       0
       0
       1
       0
       1
       0
       0
       0
       0
       1
       0
       0
       0
       0
       0
       0
       0
       0
       0
       0
       1
       0
       0
       1
       0
       0
       0
       0
       0
       2
       0
       0
       0
       0
       0
       0
       0
       0
       0
       0
       1
       2
       0
       0
       0
       1
       0
       1
       0
       1
       0
       0
       0
       1
       0
       0
       0
       1
       0
       1
       3
       1
       1
       1
       0
       1
       0
       0
       1
       0
       0
       0
       0
       1
       0
       0
       0
       1
       1
       0
       0
       1
       0
       2
       0
       0
       0
       0
       0
       0
       0
       0
       0
       0
       1
       0
       0
       1
       0
       0
       1
       0
       0
       0
       0
       0
       0
       0
       0
       1
       1
       0
       2
       0
       0
       0
       2
       0
       0
       0
       1
       1
       0
       0
       1
       0
       0
       0
       1
       0
       0
       0
       1
       1
       0
       1
       0
       0
       0
       0
       0
       1
       0
       0
       0
       0
       0
       0
       1
       1
       1
       0
       0
       2
       0
       0
       0
       1
       0
       0
       0
       1
       0
       2
       1
       0
       0
       0
       0
       1
       0
       0
       0
       1
       0
       0
       0
       0
       1
       1
       1
       0
       0
       0
       1
       0
       1
       0
       1
       0
       0
       0
       0
       0
       0
       0
       0
       1
       0
       0
       0
       0
       0
       0
       0
       0
       0
       0
       1
       1
       0
       0
       0
       0
       0
       0
       2
       0
       0
       0
       1
       0
       0
       0
       0
       0
       0
       0
       1
       0
       2
       0
       0
       0
       1
       0
       1
       0
       1
       0
       0
       0
       1
       0
       0
       0
       1
       1
       0
       0
       1
       0
       0
       0
       0
       0
       0
       2
       0
       0
       0
       0
       0
       0
       0
       1
       0
       0
       0
       0
       1
       0
       0
       0
       0
       0
       1
       0
       0
       1
       1
       0
       0
       1
       0
       0
       0
       1
       1
       0
       1
       0
       0
       0
       0
       0
       0
       0
       0
       0
       1
       1
       1
       1
       0
       0
       0
       0
       0
       0
       0
       0
       0
       0
       0
       0
       0
       0
       0
       0
       0
       0
       1
       2
       0
       0
       0
       0
       0
       0
       0
       0
       1
       0
       1
       0
       0
       1
       0
       0
       0
       3
       0
       1
       0
       0
       0
       0
       1
       0
       0
       1
       0
       1
       0
       0
       0
       0
       1
       0
       0
       2
       0
       0
       0
       0
       0
       0
       1
       0
       0
       0
       0
       0
       0
       0
       0
       1
       0
       0
       0
       0
       0
       0
       0
       1
       0
       1
       0
       0
       0
       0
       0
       0
       1
       0
       1
       0
       0
       0
       2
       1
       0
       1
       1
       0
       0
       0
       0
       0
       1
       1
       0
       1
       0
       0
       0
       0
       0
       0
       0
       1
       1
       0
       1
       0
       1
       0
       1
       0
       0
       0
       0
       0
       1
       0
       0
       1
       1
       0
       0
       1
       0
       1
       0
       0
       2
       0
       0
       0
       0
       0
       0
       2
       0
       0
       1
       0
       1
       0
       1
       0
       0
       0
       0
       0
       0
       0
       0
       0
       0
       0
       0
       0
       0
       0
       0
       1
       0
       0
       0
       0
       0
       2
       0
       0
       0
       0
       0
       0
       0
       0
       0
       0
       0
       0
       1
       0
       0
       0
       0
       1
       1
       0
       0
       0
       0
       1
       0
       0
       0
       0
       0
       0
       0
       0
       0
       0
       0
       0
       0
       1
       0
       0
       0
       0
       0
       0
       0
       0
       1
       0
       0
       1
       0
       1
       0
       1
       0
       2
       1
       3
       1
       1
       1
       0
       2
       1
       1
       2
       1
       2
       1
       0
       1
       0
       0
       1
       0
       0
       1
       0
       0
       0
       0
       0
       0
       0
       0
       1
       0
       0
       0
       0
       0
       0
       0
       0
       0
       0
       0
       0
       0
       0
       1
       0
       0
       0
       2
       0
       0
       1
       0
       0
       0
       0
       0
       1
       0
       0
       0
       1
       0
       0
       0
       0
       0
       0
       0
       1
       0
       0
       1
       0
       0
       1
       0
       0
       0
       0
       0
       1
       0
       0
       0
       0
       0
       0
       0
       1
       0
       0
       0
       0
       0
       0
       0
       0
       0
       0
       1
       0
       0
       0
       1
       0
       0
       0
       0
       0
       0
       0
       0
       0
       0
       0
       1
       0
       0
       1
       0
       0
       1
       0
       0
       1
       1
       0
       0
       1
       0
       0
       0
       0
       1
       0
       0
       0
       1
       0
       0
       0
       1
       0
       0
       1
       1
       0
       0
       0
       1
       0
       0
       0
       1
       0
       0
       1
       0
       1
       0
       0
       0
       1
       0
       0
       1
       0
       0
       0
       0
       0
       0
       0
       0
       0
       0
       0
       0
       0
       1
       0
       0
       0
       0
       0
       0
       0
       0
       1
       1
       0
       1
       0
       0
       0
       0
       1
       0
       1
       1
       0
       0
       1
       0
       0
       0
       0
       1
       1
       0
       0
       0
       0
       1
       0
       0
       0
       0
       1
       0
       0
       0
       0
       0
       0
       0
       0
       0
       0
       0
       2
       0
       0
       0
       0
       0
       0
       0
       0
       0
       0
       1
       0
       0
       0
       0
       1
       0
       0
       1
       0
       0
       0
       0
       0
       0
       0
       0
       0
       0
       0
       0
       2
       0
       1
       1
       0
       0
       1
       3
       0
       0
       0
       0
       0
       0
       0
       1
       0
       1
       0
       0
       0
       0
       0
       0
       0
       0
       0
       1
       1
       0
       0
       0
       0
       0
       0
       1
       0
       0
       0
       0
       0
       0
       0
       0
       0
       0
       0
       0
       1
       0
       0
       0
       0
       0
       0
       1
       0
       0
       0
       0
       1
       0
       2
       0
       0
       0
       0
       1
       0
       0
       0
       0
       0
       0
       1
       0
       1
       0
       0
       0
       0
       0
       0
       0
       1
       1
       0
       0
       0
       0
       0
       0
       0
       0
       0
       1
       0
       0
       0
       0
       0
       0
       0
       0
       0
       0
       0
       0
       1
       0
       0
       0
       0
       0
       1
       0
       0
       0
       0
       1
       1
       0
       0
       0
       0
       0
       0
       0
       0
       0
       0
       0
       0
       0
       0
       0
       0
       0
       0
       0
       0
       0
       1
       0
       0
       0
       0
       0
       1
       0
       0
       1
       0
       0
       0
       2
       1
       0
       1
       0
       0
       0
       1
       0
       0
       0
       0
       0
       0
       0
       0
       1
       0
       1
       0
       0
       0
       0
       0
       0
       0
       0
       0
       0
       2
       0
       0
       0
       0
       0
       1
       0
       0
       0
       0
       0
       0
       0
       0
       0
       0
       0
       0
       0
       0
       1
       0
       0
       0
       0
       0
       1
       0
       0
       0
       0
       0
       0
       0
       0
       0
       0
       0
       1
       0
       0
       0
       0
       0
       0
       0
       0
       0
       0
       1
       0
       0
       0
       0
       0
       0
       0
       0
       1
       0
       1
       0
       0
       0
       0
       0
       1
       1
       0
       0
       0
       0
       0
       0
       0
       0
       0
       0
       0
       0
       0
       0
       0
       1
       0
       1
       0
       0
       0
       0
       0
       0
       0
       0
       0
       0
       0
       1
       0
       0
       0
       0
       0
       0
       0
       2
       0
       1
       0
       0
       0
       0
       0
       0
       0
       0
       0
       0
       0
       0
       0
       0
       0
       0
       0
       0
       1
       1
       0
       0
       0
       0
       0
       0
       0
       0
       0
       0
       0
       0
       1
       0
       0
       1
       0
       0
       0
       0
       0
       0
       0
       0
       0
       0
       0
       0
       0
       0
       0
       1
       0
       0
       0
       0
       0
       0
       1
       0
       1
       0
       0
       0
       0
       0
       0
       0
       1
       1
       0
       0
       0
       0
       0
       0
       0
       0
       0
       0
       0
       0
       0
       1
       0
       0
       0
       0
       0
       0
       1
       0
       0
       0
       0
       0
       0
       0
       0
       0
       0
       0
       0
       0
       0
       0
       0
       0
       0
       1
       0
       0
       0
       0
       1
       0
       0
       0
       0
       0
       0
       0
       1
       0
       0
       0
       0
       0
       0
       0
       0
       1
       0
       1
       0
       0
       0
       0
       0
       0
       0
       0
       0
       0
       0
       0
       0
       0
       0
       0
       0
       0
       0
       0
       0
       1
       0
       0
       0
       0
       0
       0
       1
       0
       0
       0
       0
       1
       0
       0
       0
       0
       1
       0
       1
       0
       0
       0
       0
       0
       0
       0
       0
       1
       1
       0
       0
       0
       0
       0
       0
       0
       0
       0
       0
       0
       0
       0
       0
       0
       0
       1
       0
       0
       0
       0
       0
       0
       0
       0
       0
       0
       0
       0
       0
       0
       0
       0
       0
       0
       0
       0
       0
       0
       0
       0
       0
       0
       0
       0
       0
       0
       0
       0
       0
       0
       0
       0
       0
       0
       0
       0
       0
       0
       0
       0
       0
       0
       0
       0
       0
       0
       0
       0
       0
       0
       0
       1
       0
       0
       0
       0
       1
       0
       0
       0
       0
       1
       0
       0
       0
       0
       0
       0
       0
       0
       0
       0
       0
       0
       1
       0
       0
       1
       0
       0
       0
       0
       1
       1
       1
       1
       0
       0
       0
       1
       0
       0
       0
       0
       0
       0
       0
       0
       0
       0
       0
       1
       0
       0
       0
       1
       0
       0
       0
       0
       1
       0
       0
       0
       0
       0
       0
       0
       0
       0
       0
       0
       0
       0
       0
       0
       0
       0
       0
       0
       0
       0
       0
       0
       1
       0
       0
       0
       0
       1
       0
       1
       0
       0
       1
       0
       0
       0
       0
       0
       0
       0
       0
       0
       0
       1
       0
       0
       0
       0
       1
       0
       0
       0
       1
       0
       0
       0
       0
       0
       0
       0
       0
       0
       1
       0
       0
       0
       0
       0
       0
       0
       0
       0
       0
       0
       0
       0
       0
       0
       0
       0
       1
       0
       0
       0
       0
       0
       0
       0
       0
       2
       0
       0
       0
       0
       0
       0
       0
       0
       0
       0
       0
       0
       0
       1
       0
       0
       0
       1
       0
       0
       0
       0
       0
       0
       0
       0
       1
       0
       0
       0
       1
       0
       0
       0
       0
       0
       0
       0
       0
       0
       0
       0
       0
       0
       0
       0
       0
       1
       0
       0
       1
       0
       0
       0
       1
       0
       0
       1
       0
       0
       0
       0
       0
       0
       0
       0
       0
       0
       1
       0
       0
       1
       0
       0
       0
       1
       0
       0
       0
       0
       0
       0
       0
       0
       1
       0
       0
       0
       0
       0
       0
       0
       0
       0
       0
       0
       0
       0
       1
       0
       0
       0
       0
       0
       0
       0
       0
       0
       1
       0
       0
       0
       0
       1
       0
       1
       0
       0
       0
       0
       0
       1
       0
       0
       0
       0
       0
       0
       0
       2
       0
       0
       1
       1
       0
       0
       0
       1
       0
       0
       0
       0
       0
       0
       0
       0
       1
       0
       0
       0
       0
       0
       1
       0
       0
       0
       0
       0
       0
       0
       0
       1
       0
       0
       0
       1
       0
       0
       0
       0
       1
       1
       0
       0
       0
       0
       0
       0
       0
       0
       0
       0
       0
       0
       0
       0
       0
       0
       0
       0
       0
       0
       0
       1
       0
       0
       1
       0
       0
       0
       0
       0
       1
       0
       1
       1
       0
       0
       0
       0
       0
       0
       0
       0
       0
       0
       0
       0
       0
       0
       0
       0
       0
       0
       0
       0
       0
       0
       0
       0
       0
       0
       0
       0
       0
       0
       0
       0
       0
       0
       0
       0
       0
       1
       0
       0
       0
       0
       0
       0
       0
       0
       0
       1
       0
       0
       0
       0
       0
       0
       0
       0
       0
       0
       0
       0
       0
       0
       0
       0
       0
       0
       0
       0
       0
       0
       0
       0
       0
       2
       0
       0
       1
       0
       0
       0
       0
       0
       0
       0
       0
       0
       0
       0
       1
       0
       0
       0
       0
       0
       0
       0
       0
       0
       0
       0
       0
       0
       0
       0
       0
       0
       0
       0
       0
       0
       0
       0
       0
       0
       0
       0
       1
       0
       0
       0
       0
       0
       0
       0
       0
       0
       0
       0
       0
       0
       0
       0
       0
       0
       0
       1
       0
       0
       0
       0
       0
       0
       0
       0
       0
       0
       0
       0
       0
       1
       0
       0
       2
       0
       1
       0
       0
       0
       1
       0
       0
       0
       0
       0
       0
       1
       0
       0
       0
       0
       0
       0
       0
       0
       0
       0
       0
       0
       1
       0
       0
       0
       0
       0
       0
       0
       1
       0
       0
       0
       0
       1
       0
       0
       0
       0
       0
       0
       0
       1
       0
       0
       0
       0
       0
       0
       0
       0
       1
       0
       0
       1
       0
       0
       0
       0
       0
       0
       0
       0
       0
       0
       0
       1
       0
       0
       1
       0
       1
       0
       0
       0
       0
       0
       0
       0
       0
       1
       0
       0
       0
       1
       0
       0
       0
       1
       1
       2
       0
       0
       0
       0
       0
       0
       0
       0
       0
       0
       0
       0
       0
       0
       0
       0
       0
       0
       0
       0
       0
       0
       0
       0
       0
       0
       0
       0
       0
       0
       0
       0
       0
       0
       0
       0
       0
       0
       0
       0
       0
       0
       0
       0
       0
       0
       0
       0
       0
       1
       0
       0
       0
       1
       0
       0
       0
       0
       0
       0
       0
       1
       0
       0
       0
       0
       0
       0
       0
       0
       0
       0
       0
       0
       0
       0
       0
       0
       0
       0
       0
       1
       0
       0
       0
       0
       0
       0
       0
       0
       0
       1
       0
       0
       0
       1
       2
       0
       0
       0
       1
       0
       0
       1
       0
       0
       0
       0
       0
       0
       0
       0
       0
       0
       0
       0
       0
       0
       0
       0
       0
       0
       0
       0
       0
       0
       0
       1
       0
       0
       0
       0
       0
       0
       0
       0
       0
       0
       1
       0
       0
       0
       0
       0
       0
       0
       0
       0
       1
       0
       0
       0
       0
       0
       0
       0
       0
       0
       0
       0
       0
       0
       0
       0
       0
       0
       0
       0
       1
       0
       0
       0
       0
       0
       0
       1
       0
       1
       0
       0
       0
       0
       0
       0
       0
       0
       0
       0
       0
       0
       0
       0
       0
       1
       0
       0
       0
       0
       0
       1
       0
       0
       0
       0
       0
       0
       0
       1
       0
       0
       0
       0
       0
       0
       0
       0
       0
       0
       2
       0
       0
       0
       0
       0
       0
       0
       0
       0
       0
       0
       0
       0
       0
       0
       0
       0
       0
       0
       0
       0
       0
       0
       0
       0
       0
       1
       0
       0
       0
       0
       0
       0
       0
       0
       0
       0
       0
       0
       0
       0
       0
       0
       0
       0
       0
       0
       0
       1
       0
       0
       0
       1
       0
       0
       0
       0
       0
       0
       0
       0
       0
       0
       0
       0
       0
       0
       0
       0
       0
       0
       0
       0
       0
       0
       0
       0
       0
       0
       0
       0
       0
       0
       0
       0
       0
       0
       0
       0
       0
       0
       0
       1
       0
       0
       0
       0
       0
       0
       0
       0
       0
       0
       0
       0
       0
       0
       0
       0
       0
       0
       0
       0
       0
       0
       0
       0
       0
       0
       0
       0
       0
       0
       0
       0
       1
       0
       0
       0
       0
       0
       0
       0
       0
       0
       0
       0
       1
       0
       0
       1
       1
       0
       0
       0
       0
       0
       0
       0
       0
       0
       0
       0
       0
       0
       0
       0
       0
       1
       1
       0
       0
       0
       0
       0
       0
       0
       0
       0
       0
       0
       0
       0
       0
       0
       0
       0
       0
       0
       0
       0
       0
       0
       0
       0
       0
       0
       0
       0
       0
       0
       0
       0
       0
       0
       0
       0
       0
       0
       1
       0
       0
       0
       0
       0
       0
       0
       0
       0
       0
       0
       0
       0
       0
       0
       0
       0
       0
       0
       0
       0
       0
       0
       0
       0
       0
       0
       0
       0
       0
       0
       0
       1
       0
       0
       0
       0
       0
       0
       0
       0
       0
       0
       1
       0
       0
       0
       0
       1
       0
       0
       0
       0
       0
       0
       0
       0
       0
       0
       0
       0
       0
       0
       0
       0
       1
       0
       0
       0
       0
       0
       0
       0
       0
       0
       0
       0
       0
       0
       0
       0
       0
       0
       0
       0
       0
       0
       0
       0
       0
       0
       0
       0
       0
       0
       0
       0
       0
       0
       0
       0
       0
       1
       0
       0
       0
       0
       0
       0
       0
       0
       0
       0
       0
       0
       0
       0
       0
       0
       0
       0
       0
       0
       0
       0
       0
       0
       0
       0
       0
       0
       0
       0
       0
       0
       0
       0
       0
       0
       0
       0
       0
       0
       0
       0
       0
       0
       0
       0
       0
       0
       0
       1
       0
       0
       0
       0
       0
       0
       0
       0
       0
       0
       0
       0
       0
       0
       0
       0
       0
       0
       0
       0
       0
       0
       0
       0
       0
       0
       0
       0
       1
       0
       0
       0
       0
       0
       0
       0
       0
       0
       0
       0
       0
       0
       0
       0
       0
       0
       0
       0
       0
       0
       0
       0
       0
       0
       0
       0
       0
       1
       0
       0
       0
       0
       0
       0
       0
       0
       0
       0
       0
       0
       0
       0
       0
       0
       0
       0
       0
       0
       0
       0
       0
       0
       0
       0
       0
       0
       0
       0
       0
       0
       0
       0
       0
       0
       0
       1
       0
       0
       0
       0
       0
       0
       0
       0
       0
       0
       0
       1
       0
       0
       0
       0
       0
       1
       0
       0
       0
       0
       0
       1
       1
       1
       0
       0
       1
       1
       0
       2
       1
       0
       2
       1
       0
       0
       0
       0
       1
       0
       0
       0
       0
       0
       0
       0
       0
       0
       0
       0
       0
       0
       0
       0
       0
       0
       0
       0
       0
       0
       0
       0
       0
       0
       0
       2
       0
       0
       0
       0
       0
       0
       1
       0
       0
       0
       0
       0
       0
       0
       0
       0
       0
       0
       0
       0
       0
       0
       0
       1
       0
       0
       0
       0
       0
       0
       0
       0
       0
       0
       0
       0
       0
       0
       0
       0
       0
       0
       0
       0
       0
       0
       0
       0
       0
       0
       0
       0
       0
       0
       0
       0
       0
       0
       0
       0
       0
       0
       0
       0
       0
       0
       0
       1
       0
       1
       0
       0
       0
       0
       0
       0
       0
       0
       0
       0
       0
       0
       0
       0
       0
       0
       0
       0
       0
       0
       0
       0
       0
       0
       0
       0
       1
       0
       0
       0
       0
       0
       0
       0
       0
       0
       0
       0
       0
       0
       0
       0
       1
       0
       0
       0
       1
       0
       0
       0
       0
       0
       0
       0
       0
       0
       0
       0
       0
       1
       0
       0
       0
       0
       0
       0
       0
       0
       0
       0
       0
       0
       1
       0
       0
       0
       1
       0
       0
       0
       0
       0
       0
       1
       0
       0
       0
       0
       0
       0
       0
       0
       0
       0
       0
       0
       0
       0
       0
       0
       0
       0
       0
       0
       0
       0
       0
       0
       0
       0
       0
       0
       0
       0
       0
       0
       0
       0
       0
       0
       0
       0
       0
       0
       0
       0
       0
       0
       0
       0
       0
       0
       0
       0
       0
       0
       0
       0
       0
       0
       0
       0
       0
       0
       0
       0
       1
       0
       0
       0
       0
       0
       0
       0
       0
       0
       0
       0
       0
       0
       0
       0
       0
       0
       0
       0
       1
       0
       0
       0
       0
       1
       0
       0
       0
       0
       0
       0
       0
       1
       0
       0
       0
       0
       0
       0
       0
       0
       0
       0
       0
       1
       0
       0
       0
       0
       0
       0
       2
       0
       0
       0
       0
       0
       0
       0
       0
       0
       0
       0
       0
       0
       0
       0
       1
       0
       0
       0
       0
       0
       0
       0
       0
       1
       0
       0
       0
       0
       0
       0
       1
       0
       0
       0
       0
       0
       0
       0
       0
       0
       0
       0
       0
       0
       0
       0
       0
       0
       0
       1
       0
       0
       0
       1
       0
       0
       0
       0
       0
       0
       1
       0
       0
       0
       0
       1
       0
       0
       0
       0
       0
       0
       0
       0
       0
       0
       0
       0
       0
       0
       0
       0
       0
       0
       0
       0
       0
       0
       0
       0
       1
       0
       0
       0
       0
       0
       0
       0
       0
       0
       0
       0
       0
       0
       0
       0
       0
       0
       0
       0
       0
       0
       0
       0
       0
       0
       0
       0
       0
       0
       0
       0
       0
       0
       0
       0
       0
       0
       0
       0
       0
       0
       0
       0
       0
       0
       0
       0
       0
       0
       0
       0
       1
       0
       0
       0
       0
       0
       0
       1
       0
       0
       0
       0
       0
       0
       0
       0
       0
       0
       0
       0
       0
       0
       0
       0
       0
       0
       0
       0
       0
       0
       0
       0
       0
       0
       0
       0
       0
       0
       0
       0
       0
       0
       0
       0
       0
       0
       0
       0
       0
       0
       0
       0
       0
       1
       0
       0
       0
       0
       0
       0
       0
       0
       0
       0
       0
       0
       0
       0
       0
       0
       0
       0
       0
       0
       0
       0
       0
       0
       0
       0
       1
       0
       0
       0
       0
       0
       0
       0
       0
       0
       0
       0
       0
       0
       0
       0
       0
       0
       0
       0
       0
       0
       0
       0
       0
       0
       1
       0
       0
       0
       0
       0
       0
       0
       0
       0
       0
       0
       1
       0
       0
       0
       0
       0
       0
       0
       0
       1
       1
       0
       0
       0
       0
       0
       1
       0
       0
       0
       0
       0
       0
       0
       0
       0
       0
       0
       0
       0
       0
       0
       0
       0
       0
       0
       0
       0
       0
       0
       0
       0
       0
       0
       0
       0
       0
       0
       0
       0
       0
       0
       0
       0
       0
       0
       0
       0
       0
       0
       0
       0
       0
       0
       0
       0
       0
       0
       0
       0
       0
       0
       0
       0
       0
       0
       1
       0
       0
       0
       0
       0
       0
       0
       0
       0
       0
       0
       0
       0
       0
       0
       0
       0
       0
       0
       0
       1
       0
       0
       0
       0
       0
       0
       0
       0
       0
       0
       0
       0
       0
       0
       0
       0
       0
       0
       0
       0
       0
       0
       0
       0
       0
       0
       0
       0
       0
       0
       0
       0
       0
       0
       0
       0
       0
       0
       0
       0
       0
       2
       0
       0
       0
       0
       0
       0
       0
       0
       0
       0
       0
       0
       0
       0
       0
       0
       0
       0
       0
       1
       0
       0
       0
       0
       0
       0
       0
       0
       0
       0
       0
       0
       0
       0
       0
       0
       0
       0
       0
       0
       0
       0
       0
       0
       0
       0
       0
       0
       0
       1
       0
       0
       0
       0
       0
       0
       0
       0
       1
       0
       0
       0
       0
       1
       0
       0
       0
       0
       0
       0
       0
       0
       0
       0
       0
       0
       0
       1
       0
       0
       0
       0
       1
       1
       0
       0
       0
       0
       0
       0
       0
       0
       0
       0
       0
       0
       0
       0
       0
       0
       0
       0
       0
       0
       0
       0
       0
       0
       1
       0
       0
       0
       0
       0
       0
       0
       1
       0
       0
       0
       0
       0
       0
       0
       0
       0
       0
       0
       0
       0
       0
       0
       0
       0
       0
       0
       0
       0
       0
       0
       0
       0
       0
       0
       0
       0
       0
       0
       0
       0
       0
       0
       0
       0
       0
       0
       0
       0
       0
       0
       0
       0
       0
       0
       0
       0
       0
       0
       0
       0
       0
       0
       0
       1
       0
       0
       0
       0
       0
       0
       0
       0
       0
       0
       0
       0
       0
       0
       0
       0
       0
       0
       1
       0
       0
       0
       0
       0
       0
       0
       0
       0
       0
       0
       0
       0
       0
       0
       0
       0
       0
       0
       0
       0
       0
       0
       0
       0
       0
       0
       0
       0
       0
       0
       0
       0
       0
       0
       0
       0
       0
       0
       0
       0
       0
       0
       0
       0
       0
       0
       0
       0
       0
       0
       0
       0
       0
       0
       0
       0
       0
       0
       1
       0
       0
       0
       0
       0
       0
       0
       0
       0
       0
       0
       0
       0
       0
       0
       0
       0
       0
       0
       0
       0
       0
       0
       0
       0
       0
       0
       0
       0
       0
       0
       0
       0
       0
       0
       0
       0
       0
       0
       0
       0
       0
       0
       0
       0
       0
       0
       0
       0
       0
       0
       1
       0
       0
       0
       0
       0
       0
       0
       0
       0
       0
       0
       0
       0
       0
       0
       0
       0
       0
       0
       0
       0
       0
       0
       0
       0
       0
       0
       0
       0
       0
       0
       0
       0
       0
       0
       0
       0
       0
       0
       0
       0
       0
       0
       0
       0
       0
       0
       0
       0
       0
       0
       0
       0
       0
       0
       0
       0
       0
       0
       0
       0
       0
       0
       0
       0
       0
       0
       0
       0
       0
       0
       1
       0
       0
       0
       0
       0
       0
       1
       0
       0
       0
       0
       0
       1
       0
       0
       0
       0
       0
       0
       0
       0
       0
       0
       0
       0
       0
       0
       0
       0
       0
       0
       0
       0
       0
       0
       0
       0
       1
       0
       0
       0
       0
       0
       0
       0
       0
       0
       0
       0
       0
       0
       0
       0
       0
       1
       0
       0
       0
       0
       0
       0
       0
       0
       0
       0
       0
       0
       1
       0
       0
       0
       0
       0
       0
       0
       0
       0
       0
       0
       0
       0
       0
       0
       0
       0
       0
       0
       0
       0
       0
       0
       0
       0
       0
       0
       0
       0
       0
       0
       0
       0
       0
       0
       0
       0
       0
       0
       0
       0
       0
       0
       0
       0
       0
       0
       0
       0
       0
       0
       0
       0
       0
       0
       0
       0
       0
       0
       0
       0
       0
       0
       0
       0
       0
       0
       0
       0
       0
       0
       0
       0
       0
       0
       0
       0
       0
       0
       0
       0
       0
       0
       0
       0
       0
       0
       0
       0
       0
       0
       0
       0
       0
       0
       0
       0
       0
       0
       0
       0
       0
       0
       0
       1
       0
       0
       0
       0
       0
       0
       0
       0
       0
       0
       0
       1
       0
       0
       0
       1
       0
       0
       0
       0
       0
       0
       0
       0
       0
       0
       0
       0
       0
       0
       0
       0
       0
       0
       0
       0
       0
       0
       0
       0
       0
       0
       0
       0
       0
       0
       0
       0
       0
       0
       0
       0
       0
       0
       0
       0
       1
       0
       0
       0
       0
       0
       0
       0
       0
       0
       0
       0
       0
       0
       0
       0
       0
       0
       0
       0
       0
       0
       0
       0
       0
       0
       0
       0
       0
       0
       0
       0
       0
       0
       0
       0
       0
       0
       0
       0
       0
       0
       0
       0
       0
       0
       0
       0
       0
       0
       1
       0
       0
       0
       0
       0
       0
       0
       0
       0
       0
       0
       0
       0
       0
       0
       0
       0
       0
       0
       0
       0
       0
       0
       0
       0
       0
       0
       0
       0
       0
       0
       0
       0
       0
       0
       0
       0
       0
       0
       0
       0
       0
       0
       0
       0
       0
       0
       0
       0
       0
       0
       0
       0
       0
       0
       0
       0
       0
       0
       0
       0
       0
       0
       0
       0
       0
       0
       0
       0
       0
       0
       0
       0
       0
       0
       0
       0
       0
       1
       0
       0
       0
       0
       0
       0
       0
       0
       0
       0
       0
       0
       0
       0
       0
       1
       0
       0
       0
       0
       0
       0
       0
       0
       0
       0
       0
       0
       0
       0
       0
       0
       0
       0
       0
       0
       0
       0
       0
       0
       0
       0
       0
       0
       0
       0
       0
       0
       0
       0
       0
       0
       0
       0
       0
       0
       0
       0
       0
       0
       0
       0
       1
       0
       0
       0
       0
       0
       0
       0
       2
       2
       1
       4
       0
       1
       3
       1
       0
       1
       0
       0
       2
       0
       0
       3
       0
       1
       1
       1
       0
       1
       2
       1
       2
       0
       0
       0
       0
       1
       0
       1
       0
       2
       0
       1
       1
       0
       0
       2
       1
       0
       0
       0
       1
       1
       2
       2
       1
       0
       1
       1
       0
       0
       0
       1
       0
       0
       1
       0
       2
       0
       4
       1
       1
       0
       2
       1
       1
       1
       0
       1
       0
       1
       1
       1
       1
       0
       1
       1
       0
       0
       0
       0
       2
       2
       1
       2
       1
       0
       1
       1
       2
       0
       1
       3
       0
       2
       0
       0
       0
       0
       1
       1
       1
       0
       0
       2
       0
       2
       0
       1
       0
       1
       0
       1
       1
       0
       2
       0
       1
       2
       0
       0
       0
       2
       1
       1
       0
       1
       1
       1
       2
       1
       2
       2
       0
       1
       0
       0
       1
       2
       3
       0
       1
       0
       0
       0
       2
       1
       0
       0
       0
       1
       0
       2
       0
       2
       0
       2
       0
       0
       1
       0
       0
       2
       0
       0
       1
       0
       0
       2
       1
       1
       3
       2
       1
       1
       0
       0
       2
       1
       0
#$ROI:
#0
#$PRESETS:
#None
#0
#0
#$ENER_FIT:
#0.000000 0.374432
#$MCA_CAL:
#3
#0.000000E+000 3.744323E-001 0.000000E+000 keV
#$SHAPE_CAL:
#3
#6.617742E+000 0.000000E+000 0.000000E+000
