#$SPEC_ID:
#No sample description was entered.
#$SPEC_REM:
#DET# 1
#DETDESC# NEWTON MCB 338
#AP# Maestro Version 6.06
#$DATE_MEA:
#04/08/2019 11:55:09
#$MEAS_TIM:
#4188 4190
#$DATA:
#0 8191
       0
       0
       0
       0
       0
       0
       0
       0
       0
       0
       0
       0
       0
       0
       0
       0
       0
       0
       0
       0
       0
       0
       0
       0
       0
       0
       0
       0
       0
       0
       0
       0
       0
       0
       0
       0
       0
       0
       0
       0
       0
       0
       0
       0
       0
       0
       0
       0
       0
       0
       1
       0
       2
       6
      38
      50
      80
     101
     142
     107
     117
     135
     128
     118
     119
     105
     126
     118
     123
     110
     102
     103
     117
      98
     110
     130
     111
     115
     129
      99
      78
     108
     104
     107
     114
     121
     106
     100
      97
     111
     111
     115
      80
     101
     119
     108
     118
      90
      94
      92
      90
     128
     106
     149
     188
     316
     266
     190
     143
      92
      89
      88
      82
      74
     106
      87
      86
     109
     162
     260
     211
     139
     117
     117
      80
      67
      70
      77
      80
      76
      66
      75
      78
      67
      75
      79
      73
      76
      59
      65
      69
      47
      50
      72
      63
      68
      53
      65
      69
      76
      75
      60
      51
      64
      81
      75
      75
      59
      73
      57
      63
      55
      80
      69
      74
      56
      72
      52
      66
      72
      59
      81
      55
      52
      72
      74
      64
      70
      77
      67
      86
      78
      60
      64
      74
      68
      64
      78
      83
      77
      70
      70
      98
     110
      92
      67
      55
      67
      75
      62
      74
      89
      75
      77
      80
      80
     102
      77
      81
      89
     107
     103
     105
     104
     132
     140
     148
     140
     122
     131
     104
     105
      96
     101
      93
     103
      89
      90
      99
      73
      76
      84
     111
      92
      88
      97
     116
     100
      96
      87
      90
      95
      69
      88
      93
      99
      71
      88
      94
      84
      78
      72
      97
      83
      82
      79
      90
      89
     109
      95
      94
      87
      93
      91
      94
      87
      88
      83
     116
      88
     106
      97
      87
      86
     101
      98
      95
     110
     114
     100
     114
      96
     111
     109
      95
      97
     115
     101
      94
     112
     101
      95
     134
      95
      97
      99
     111
     116
     122
     108
     115
     114
     117
     109
     141
     136
     353
    1616
    3937
    4743
    2691
     757
     185
      94
      79
      67
      69
      88
      68
      83
      70
      75
      66
      85
      70
      77
      84
      64
      61
      79
      75
      64
      65
      68
      83
      74
      77
      75
      69
      77
      72
      56
      82
      73
      76
      76
      68
      67
      66
      51
      72
      66
      75
      72
      89
      61
      50
      56
      78
      68
      72
      73
      69
      62
      84
      74
      76
      64
      70
      75
      82
      79
      80
      89
      87
     114
      87
      79
      81
      78
      88
      85
      89
      91
      81
      91
      86
      98
      85
      98
      88
      77
      86
      91
      88
      84
      80
      80
      89
      75
      89
      77
      69
      79
      94
      75
      84
      62
      69
      71
      80
      74
      70
      70
      67
      67
      71
      78
      74
      73
      56
      63
      57
      69
      70
      74
      59
      75
      75
      63
      62
      84
      55
      58
      71
      74
      70
      74
      79
      68
      60
      69
      60
      68
      72
      65
      55
      74
      63
      69
      65
      72
      66
      56
      69
      55
      74
      76
      72
      64
      69
      61
      79
      81
      82
      69
      63
      63
      83
      72
      56
      55
      54
      66
      71
      71
      70
      62
      64
      56
      60
      61
      66
      82
      62
      68
      65
      69
      81
      80
      75
      66
      74
      60
      73
      78
      78
      65
      62
      72
      63
      72
      75
      69
      60
      65
      53
      56
      56
      62
      62
      54
      60
      61
      66
      66
      57
      60
      68
      60
      62
      59
      67
      62
      55
      75
      57
      50
      65
      67
      65
      71
      62
      83
      72
      57
      49
      61
      63
      55
      62
      66
      56
      54
      58
      66
      63
      55
      58
      53
      48
      52
      62
      54
      47
      52
      54
      57
      54
      61
      52
      58
      52
      62
      52
      61
      57
      59
      69
      51
      52
      41
      48
      49
      53
      47
      44
      58
      50
      40
      36
      40
      49
      55
      46
      42
      39
      50
      39
      48
      48
      51
      54
      46
      46
      48
      42
      54
      47
      42
      45
      29
      35
      48
      40
      44
      41
      45
      38
      42
      52
     139
     378
     623
     733
     509
     195
      75
      31
      33
      43
      45
      50
      29
      34
      35
      35
      29
      21
      40
      49
      29
      36
      42
      42
      33
      42
      35
      35
      36
      27
      25
      31
      34
      35
      32
      29
      24
      32
      46
      36
      31
      36
      29
      30
      33
      27
      34
      28
      29
      32
      34
      35
      40
      31
      27
      31
      27
      35
      25
      19
      33
      30
      43
      38
      30
      23
      32
      35
      38
      38
      26
      26
      36
      32
      28
      32
      36
      30
      27
      32
      38
      33
      39
      32
      24
      30
      26
      24
      37
      32
      31
      23
      31
      30
      30
      29
      43
      23
      31
      24
      19
      24
      18
      31
      26
      19
      34
      27
      33
      31
      29
      19
      28
      28
      30
      28
      30
      26
      26
      24
      37
      34
      24
      31
      28
      23
      29
      35
      43
      69
      67
      45
      42
      30
      32
      24
      23
      28
      29
      22
      24
      32
      22
      34
      23
      27
      33
      14
      34
      26
      26
      21
      30
      16
      28
      32
      18
      31
      26
      28
      27
      20
      26
      30
      32
      23
      11
      25
      23
      37
      21
      28
      13
      25
      27
      28
      33
      32
      22
      29
      27
      19
      28
      22
      23
      23
      28
      21
      15
      29
      26
      36
      26
      19
      27
      27
      30
      20
      29
      26
      26
      30
      27
      26
      24
      32
      19
      23
      43
      27
      35
      28
      32
      41
      25
      26
      29
      19
      21
      19
      22
      25
      33
      19
      27
      31
      32
      23
      26
      20
      25
      27
      28
      19
      14
      17
      22
      23
      20
      25
      20
      18
      24
      24
      32
      45
     106
     334
     825
    1386
    1496
    1057
     517
     167
      46
      27
      25
      19
      20
      18
      20
      20
      15
      22
      22
      22
      27
      14
      16
      20
      19
      17
      24
      21
      20
      13
      24
      17
      18
      16
      22
      16
      20
      22
      15
      17
      21
      28
      18
      17
      23
      15
      17
      12
      17
      22
      18
      26
      19
      16
      18
      17
      24
      15
      21
      37
      42
      45
      47
      54
      37
      16
      24
      18
      15
      18
      14
      24
      12
      16
      17
      13
      13
      22
      24
      25
      25
      19
      15
      16
      17
      20
      17
      23
      32
      13
      19
      24
      21
      20
      14
      20
      18
      19
      30
      16
      26
      24
      21
      17
      24
      17
      21
      28
      19
      26
      24
      17
      20
      19
      18
      17
      25
      16
      17
      21
      20
      24
      23
      22
      20
      16
      18
      16
      18
      20
      16
      27
      25
      17
      11
      20
      16
      17
      24
      18
      16
      19
      14
      14
      14
      18
      26
      13
      24
      28
      24
      10
      19
      20
      18
      20
      18
      16
      17
      22
      11
      21
      25
      23
      15
      18
      32
      53
      87
     113
     110
      70
      49
      26
      29
      18
      17
      23
      14
      20
      20
      17
      21
      25
      12
      18
      18
      15
      23
      16
      12
      20
      18
      20
      22
      26
      22
      15
       8
      17
      16
      20
      16
      21
      17
      16
      17
      12
      20
      21
      12
      21
      17
      16
      16
      17
      25
      15
      22
      16
      20
      17
      14
      22
      24
      18
      14
      16
      20
      19
      17
      16
      20
      15
      15
      25
      17
      22
       7
      19
      16
      20
      22
      21
      18
      21
      23
      31
      56
      87
     107
     129
     110
      79
      39
      23
      13
      27
      18
      14
      18
      20
      22
      24
      21
      13
      20
      17
      10
      13
      13
      11
      23
      14
      21
      19
      27
      18
      18
      22
      19
      17
      20
      22
      19
      12
      20
      16
      15
      23
      16
      16
      17
      20
      16
      18
      18
      23
      21
      12
      21
      23
      19
      21
      24
      15
      15
      19
      20
      17
      21
      17
      20
      13
      13
      24
      18
      18
      18
      22
      14
      11
      13
      17
      15
      27
      13
      17
      21
      18
      18
      17
      15
      12
      16
      18
      15
      21
      20
      18
      15
      20
      15
      17
      14
      15
      21
      19
      11
       9
      24
      15
      21
       9
      15
      17
      19
      17
      17
      16
      23
      33
      24
      30
      21
      17
      15
      22
      16
      15
      19
      18
      18
      11
      12
      21
      19
      16
      16
      19
       8
      23
      22
      23
      17
      19
      13
      17
      19
      22
      16
      22
      15
      19
      15
      18
      26
      25
      20
      24
      25
      22
      15
      17
      20
      22
      15
      15
      17
      22
      13
      26
      21
      26
      20
      16
      29
      25
      25
      21
      26
      19
      25
      19
      27
      12
      21
      19
      17
      19
      21
      21
      19
      13
      17
      17
      16
      18
      15
      22
      15
      17
      13
      13
      11
      16
      19
      24
      16
      13
      13
      11
      16
       8
      17
      13
      19
      16
      20
      20
      11
      20
      23
      22
      18
      22
      22
      19
      19
      19
      11
      26
      14
      20
      18
      15
      20
      23
      19
      24
      19
      11
      20
      21
      15
      17
      17
      19
      15
      14
      10
      13
      19
      16
      20
      14
      25
      14
      15
      14
      13
      20
      26
      20
      28
      13
      19
      15
      12
      19
      11
      25
      18
      14
      23
      14
       9
      22
      18
      13
      18
      11
      18
      20
      22
      13
      16
      18
      22
      11
      27
      19
      17
      13
      14
      18
      12
      20
      18
      22
      18
      13
      23
      15
      13
      23
      26
      32
      26
      33
      34
      20
      20
      22
      15
      20
      20
      23
      17
      14
      18
      19
      16
      19
      16
      19
      22
      28
      18
      12
      19
      19
      13
      20
      25
      15
      20
      17
      19
      16
      19
      19
      28
      18
      13
      15
      19
      22
      12
      18
      16
      26
      12
      21
      19
      27
      24
      23
      23
      20
      19
      21
      24
      20
      23
      26
      28
      21
      24
      14
      16
      14
      16
      19
      18
      17
      20
      13
      21
      16
      18
      13
      16
      16
      14
      22
      15
      17
      16
      19
      12
      17
      13
      21
      15
      17
      12
      21
       9
      18
      15
      13
      17
      21
      16
      13
      14
      14
      14
      16
      13
      14
      16
      17
      20
      13
      18
      17
      20
      18
      14
      17
      24
      23
       9
      11
      12
      13
      16
      19
      16
       9
      15
      17
      15
      17
      14
      14
      23
      16
      10
      19
      16
      18
      10
      16
      15
      22
      14
      20
      15
      11
      18
       7
       9
      13
      13
       9
      15
      22
      19
      17
      18
       9
      13
      13
      21
      11
      16
      13
      12
      15
      11
      15
      12
      17
      14
      11
      17
      16
      12
      18
      13
      11
       8
      19
      15
      13
      15
      15
      13
      15
      18
      15
      20
      13
      16
      12
      16
      15
      12
      14
      11
      17
      21
       9
      13
       8
      16
       8
      17
      13
      20
      14
      14
      14
      17
      11
      15
      10
       6
      12
      18
      13
      21
      13
      14
      13
      23
       7
      18
      21
       8
      19
      12
      18
      24
      17
      17
      14
      14
      19
       8
      12
      12
      18
      18
      16
      20
      25
      14
      10
      18
      14
      19
      18
      15
      12
      12
      15
       9
      11
      23
      12
      25
      13
      15
      16
      12
      15
      12
      18
      12
      12
      16
      11
      20
      12
      15
      13
      13
      19
      19
      12
      16
      19
      23
      18
      13
      15
      10
      17
      26
      21
      28
      22
      21
      13
       9
      19
       9
       8
       7
      14
      23
      18
      12
      10
      14
      13
      18
      18
      12
      18
      14
      28
      31
      23
      31
      25
      27
      18
      16
      18
      16
      13
       9
      12
       8
      18
      11
      18
      15
      15
      10
      20
      18
      16
       8
      18
      18
      18
      15
      22
      15
      13
      14
       8
      12
      14
      10
       6
      24
      14
       9
      11
      14
       9
      14
      17
       7
      21
      16
      20
      15
      21
      10
      15
      14
      13
      15
      21
      17
      12
      16
      13
      18
       9
      19
      18
       9
      20
      16
       8
       9
      12
      17
      18
      16
      20
      16
      11
      18
      22
      22
      20
      22
      22
      13
      20
      22
      15
      17
      16
      19
      13
      13
      14
      12
      11
      17
      20
      14
      12
      18
      14
      13
      16
      19
      14
       7
       9
       8
      20
       9
      19
      12
      16
      16
      17
       9
      23
      10
      14
       8
      15
      14
      16
      16
      15
       3
      14
      21
      17
      14
       7
      14
      16
      17
      10
      17
      14
       8
      21
      16
      17
      19
      12
      13
      12
      17
      16
      14
      16
      11
      12
      14
      14
      14
      22
      17
      18
      16
      12
      10
      15
       8
      10
      13
      23
      16
      11
      15
      10
      15
      17
      17
      13
      19
      20
      13
      14
      18
      11
      18
       8
      19
      15
      11
      16
      11
      16
      13
      12
      19
      17
      12
      19
      21
      21
      18
      21
       9
      15
      11
      10
      17
      12
      13
      15
      14
      15
      15
      12
      11
      11
      13
       6
       8
      14
      11
       6
      18
      18
      21
      29
      36
      42
      75
     133
     148
     182
     194
     170
     123
      96
      47
      19
      13
      16
      15
      12
      16
      16
      10
      13
      12
      11
      10
      12
      11
      12
      11
       7
       6
      15
      10
       9
       8
      11
      12
      14
       8
      14
      10
      15
       9
      13
      13
       7
       9
      12
      15
      15
      12
      17
       9
       7
      14
       7
      16
       9
      10
       6
      11
       8
      10
      10
      12
      13
      14
       8
      12
      12
       9
      13
      13
      14
      15
      12
      10
      17
      14
       8
      14
      11
      14
      21
      12
      17
      17
      15
      15
      14
      14
       8
      12
      12
      14
       7
      14
       8
      13
       9
       9
      14
      11
       7
      11
      15
      13
      13
      10
      11
      11
      12
      12
      14
      12
      10
      16
       8
      12
      13
      10
      19
      10
      12
      16
       6
      18
       8
      11
      19
      10
      12
      12
      13
       6
      14
      13
      14
      13
      15
      13
      10
      10
      12
      10
      14
      15
      10
      16
       9
       5
      15
      14
      14
      10
      13
      14
      17
       7
      15
       9
      13
      13
      20
       9
       8
      14
      11
      14
       8
      21
       8
       7
      13
       8
      12
      12
      16
      17
      14
       8
      10
      13
      11
      14
      18
      15
      11
      15
      12
      13
      10
      12
      15
      10
       8
       6
      13
       9
      11
      20
       9
      17
      10
      12
      11
      13
      15
      14
      10
       6
       6
      10
       6
       9
      12
      20
      11
      16
      17
      10
      19
      28
      28
      36
      56
      61
      55
      58
      49
      35
      27
      13
      10
       9
      12
      13
      11
       8
       8
      18
      14
      15
      20
      12
       9
      10
      14
      15
      12
       9
      14
      17
      12
       8
      11
       9
      12
      11
      13
      13
       9
      12
      10
       7
      18
      13
      13
       9
      12
      11
      11
      17
      10
      10
      15
      15
       4
       8
      15
      16
       9
       5
      12
       6
       9
       7
       9
       8
      13
       7
      13
      15
       6
      13
      14
      10
      13
      13
      12
      11
      11
      14
      14
       7
       6
       7
      11
      11
       7
      15
      15
      12
      11
      15
      14
       8
      13
       8
      10
      12
       9
      11
      10
       4
      13
       7
       5
       7
       6
       6
      13
       9
       4
       7
      11
      12
       9
      12
      12
       6
       6
      12
       5
       7
      10
       9
       6
       6
       4
       7
       9
      12
      16
      15
      13
      17
      13
      11
      11
      13
       8
      14
       7
       4
      12
       3
      13
       7
       5
      11
       6
      10
      12
       7
      12
       5
      10
       1
      14
       5
      11
       8
       9
       6
      13
       7
       6
       5
       9
       9
       9
       5
       9
       5
      10
      10
      10
       5
      10
       7
       6
       9
       3
       8
       6
       9
       7
      10
       8
      10
       8
       5
       6
      13
       5
       6
      13
       5
       2
      11
       8
       6
       8
      11
       7
       5
       9
       4
      11
       9
      12
       5
       9
       5
       4
       9
      12
       6
       9
      12
       9
       5
       3
       8
      12
       5
       6
      12
       9
       8
       7
       5
       7
       9
      10
      11
      12
       4
      10
       9
      30
      39
      65
      86
     134
     113
     141
     158
     133
     102
      64
      31
      15
       4
       6
       5
       7
       9
       6
       7
       5
       4
       7
       6
       3
       7
       5
       9
       6
       2
       8
       8
       5
       6
       5
       3
       6
       7
       6
       6
       7
       3
       6
       5
       6
      11
       8
       5
       9
       7
       5
       7
       8
       4
       3
      11
       8
       7
       6
       3
       7
       7
       5
       3
       7
      10
       8
       4
       3
       5
       7
       4
       3
       3
       5
       3
      11
       8
       7
       5
       4
      10
       9
       9
       3
       2
       6
       5
       9
       7
      13
       7
       1
       2
       4
       5
       2
       4
       9
       3
       2
       5
       2
       5
       7
       7
      11
      10
      12
      10
       8
       4
       6
       8
       2
       1
       5
       4
       7
       5
       7
       4
       4
       4
       4
       6
       5
       8
       8
       2
       3
       6
       3
       6
       2
       7
       4
       5
       7
       8
       7
       4
       6
       8
       5
       8
       4
       9
       8
       7
       0
       4
       7
       2
       7
       2
       6
       4
      11
       9
       7
       4
       7
       6
       4
       4
       5
       8
       5
       6
       4
       1
       7
       4
       4
       4
       7
       3
       5
       5
       6
       3
       1
       4
      12
       9
       4
       0
       6
       6
       7
       3
       2
       4
       7
       5
       3
       1
       8
       5
       4
       8
       3
       5
       2
       6
       4
       3
       5
       5
       2
       3
       8
       5
       4
       6
       3
       9
      10
       6
       6
       1
       5
       5
      11
       4
       6
       8
       5
       5
       7
       4
       7
       4
       5
       5
       6
       4
       2
       3
       5
       4
       9
       0
       6
       3
       5
       5
       6
       7
       8
       3
       5
      11
       5
       4
       5
       7
       4
      10
       3
       6
       7
       7
       9
       6
      10
      10
       3
      10
       5
       5
       5
       4
       3
       4
      10
       4
       4
       2
       6
       6
       9
       8
       5
       7
       4
       8
       4
       6
       2
       4
       4
       5
       7
       6
       6
       8
       7
      15
       6
      13
      28
      37
      39
      61
      82
      79
      87
      83
     102
      53
      46
      34
      26
      14
      13
      21
      17
      18
      15
      15
      12
       8
       8
       3
       5
       5
       6
       8
       6
       8
       3
       7
       2
       4
      11
       7
       6
       8
       5
       7
       5
       5
       5
       7
       4
       3
       4
       1
       9
       6
       8
       4
       5
       5
       7
       6
       4
       3
       3
       8
      12
      21
       9
      15
      21
      14
      36
      63
      68
      96
      96
     117
     109
     116
      87
      66
      42
      22
      10
       9
       6
       5
       6
       5
       8
       3
       7
       3
       4
       6
       7
       4
       4
      12
       2
       5
       8
       9
       8
       7
       6
       5
       5
       8
      12
       6
       8
       3
       5
       6
       8
       3
       5
       8
       2
       9
       5
       5
       6
       3
       7
       4
       9
       5
      11
       0
       3
       3
       5
       5
       3
       2
       6
       7
       4
       5
       8
      10
      10
       7
       9
       6
       5
       5
       6
       7
       3
       5
       7
       7
       8
       5
       3
       5
       8
       3
       9
       7
       2
       3
       6
       6
      10
      10
       6
       8
       5
       5
      11
       7
       6
       6
       5
       8
       8
       5
       3
       3
       6
       7
       5
       7
       5
       5
       4
       3
       2
       7
       9
       4
       1
       8
       7
       5
       8
      10
       5
       2
       1
      10
       6
       5
       6
       8
       7
       3
       5
       9
       8
       5
       8
       8
       9
       6
       4
       5
      10
       5
       6
       3
       7
       3
       4
      10
       6
       7
       5
       3
       7
       8
       2
       2
       3
       5
       2
       7
       5
       7
       7
       7
       4
       8
       7
      12
       8
       7
      11
       1
       8
       7
      11
       7
       6
       9
       6
       6
       6
       3
       8
       4
       6
       2
       6
       1
       7
       2
       8
       6
       4
       5
       2
       2
       7
       3
       3
       6
       3
       2
       2
       9
      11
       3
       2
       3
       6
       7
       2
       5
       2
       2
       2
       3
       4
       4
       4
       5
       4
       2
       7
       0
       3
       5
       5
       7
      11
       2
       4
       6
       6
       4
       6
       4
       7
       5
       8
       2
       7
       7
       2
      11
      12
      14
      13
      15
      13
       8
      11
       5
       3
       3
       2
       3
       6
       1
       5
       6
       1
       4
       5
       4
       3
       4
       4
       4
       5
       3
       2
       5
       1
       2
       6
       3
       3
       1
       4
       1
       3
       7
       1
       1
       4
       3
       0
       7
       6
       2
       1
       2
       0
       3
       4
       5
       3
       4
       3
       4
       4
       7
       3
       6
       5
       5
       3
       2
       5
       4
       3
       8
       1
       2
       3
       5
       2
       2
       4
       2
       4
       2
       2
       1
       2
       3
       4
       4
       6
       0
       4
       1
       2
       2
       2
       7
       6
       6
       2
       5
       7
       6
       3
       2
       3
       1
       4
       4
       0
       2
       0
       2
       3
       2
       3
       0
       4
       0
       1
       2
       3
       5
       0
       2
       0
       1
       4
       1
       2
       3
       2
       1
       5
       1
       3
       2
       0
       1
       0
       3
       4
       2
       2
       5
       2
       3
       0
       4
       4
       1
       2
       3
       1
       4
       3
       6
       1
       3
       5
       0
       0
       4
       3
       2
       4
       1
       1
       1
       1
       0
       1
       0
       1
       2
       2
       4
       1
       2
       1
       3
       3
       2
       1
       1
       0
       2
       1
       4
       2
       1
       1
       2
       1
       3
       2
       3
       2
       0
       0
       3
       4
       1
       1
       5
       2
       2
       1
       0
       3
       2
       3
       1
       2
       1
       4
       6
       4
      16
       6
      11
      16
       9
      14
       4
       3
       2
       3
       2
       1
       1
       0
       3
       2
       2
       2
       1
       2
       2
       1
       0
       2
       1
       2
       0
       0
       2
       1
       1
       2
       4
       3
       1
       2
       2
       2
       2
       3
       0
       1
       0
       1
       1
       1
       2
       2
       0
       1
       0
       0
       1
       1
       0
       0
       0
       1
       1
       0
       1
       0
       1
       0
       4
       0
       3
       1
       3
       3
       1
       1
       0
       0
       1
       1
       1
       0
       1
       1
       1
       1
       1
       1
       1
       1
       2
       0
       0
       1
       1
       0
       0
       0
       0
       0
       1
       1
       0
       1
       0
       1
       0
       2
       2
       0
       1
       1
       1
       0
       2
       0
       0
       1
       0
       1
       0
       0
       3
       0
       1
       1
       1
       2
       1
       0
       2
       1
       2
       1
       0
       1
       1
       0
       1
       0
       0
       1
       0
       1
       2
       0
       2
       2
       0
       0
       1
       2
       1
       2
       2
       2
       2
       1
       2
       0
       0
       0
       1
       1
       2
       1
       1
       1
       1
       0
       1
       4
       0
       0
       2
       0
       0
       1
       2
       0
       0
       1
       0
       0
       0
       0
       0
       0
       1
       1
       0
       0
       1
       0
       0
       1
       1
       0
       1
       0
       0
       2
       0
       2
       1
       0
       1
       0
       2
       1
       3
       1
       1
       0
       1
       0
       3
       2
       0
       0
       1
       0
       1
       1
       0
       1
       1
       1
       0
       2
       0
       0
       0
       0
       1
       1
       0
       0
       0
       1
       1
       2
       0
       2
       0
       0
       0
       1
       0
       0
       0
       0
       0
       1
       1
       1
       3
       1
       2
       3
       2
       2
       4
       4
       9
       8
       6
       5
      12
      24
      32
      35
      62
      71
      74
      81
      92
     114
     107
     104
      83
      57
      49
      10
      15
      10
       2
       1
       0
       2
       0
       0
       0
       0
       0
       1
       2
       0
       0
       1
       0
       1
       1
       0
       0
       0
       0
       0
       0
       1
       0
       0
       0
       0
       0
       0
       1
       0
       1
       0
       0
       0
       4
       0
       0
       0
       1
       0
       0
       0
       1
       0
       0
       0
       1
       0
       1
       0
       1
       2
       1
       2
       0
       1
       0
       0
       1
       0
       0
       0
       1
       0
       0
       0
       1
       0
       0
       0
       0
       0
       0
       1
       1
       0
       2
       0
       0
       1
       0
       1
       3
       0
       0
       0
       0
       2
       0
       1
       1
       1
       1
       0
       1
       0
       0
       0
       1
       0
       0
       1
       0
       3
       1
       5
       2
       0
       0
       2
       1
       2
       6
       2
       6
       0
       7
       3
       9
       6
       3
       4
       5
       7
       5
       3
       2
       1
       1
       1
       0
       0
       0
       0
       2
       0
       0
       1
       0
       1
       0
       0
       0
       0
       2
       1
       0
       0
       1
       1
       0
       0
       0
       0
       1
       0
       1
       0
       0
       2
       1
       1
       0
       0
       0
       0
       0
       0
       2
       2
       3
       1
       0
       0
       0
       0
       0
       0
       2
       0
       0
       0
       0
       0
       0
       2
       1
       0
       1
       0
       0
       0
       0
       0
       2
       0
       1
       1
       0
       0
       1
       1
       2
       0
       0
       0
       1
       1
       1
       0
       0
       0
       0
       0
       0
       1
       1
       0
       0
       0
       1
       0
       0
       1
       0
       0
       0
       1
       0
       1
       0
       0
       1
       0
       1
       0
       0
       1
       0
       0
       2
       0
       1
       0
       2
       0
       0
       1
       0
       1
       0
       0
       1
       0
       1
       0
       0
       0
       0
       0
       0
       0
       0
       1
       1
       0
       0
       0
       0
       1
       2
       0
       1
       1
       1
       1
       1
       0
       0
       0
       1
       2
       0
       0
       3
       1
       1
       1
       4
       3
       2
       1
       0
       0
       0
       0
       1
       0
       0
       0
       0
       0
       0
       0
       1
       1
       0
       0
       1
       0
       0
       2
       0
       0
       2
       0
       0
       0
       0
       0
       0
       0
       0
       0
       0
       0
       0
       0
       0
       0
       0
       1
       1
       1
       0
       0
       0
       0
       1
       0
       0
       0
       0
       0
       0
       0
       1
       1
       0
       0
       0
       0
       1
       0
       1
       0
       0
       0
       0
       0
       0
       0
       2
       0
       0
       1
       1
       0
       0
       0
       1
       1
       0
       1
       0
       0
       0
       0
       0
       1
       1
       1
       0
       1
       0
       0
       0
       0
       0
       0
       0
       0
       1
       1
       0
       2
       0
       0
       0
       1
       0
       0
       1
       0
       0
       0
       0
       0
       0
       2
       0
       0
       0
       0
       0
       0
       0
       0
       0
       0
       1
       0
       0
       0
       0
       0
       0
       1
       0
       0
       0
       1
       2
       0
       1
       0
       1
       1
       0
       2
       0
       0
       1
       1
       0
       0
       1
       1
       1
       2
       1
       0
       0
       0
       3
       0
       0
       1
       1
       0
       0
       0
       0
       0
       0
       0
       0
       1
       0
       0
       1
       1
       0
       1
       0
       0
       0
       0
       1
       0
       0
       1
       0
       1
       0
       0
       0
       1
       0
       0
       1
       0
       1
       0
       0
       3
       0
       0
       0
       0
       0
       0
       0
       0
       0
       0
       0
       0
       0
       0
       0
       1
       1
       0
       0
       0
       0
       0
       1
       1
       0
       1
       0
       0
       0
       0
       0
       0
       0
       0
       1
       0
       0
       0
       0
       1
       0
       0
       0
       0
       0
       1
       0
       0
       0
       1
       0
       0
       0
       0
       0
       0
       1
       0
       1
       1
       0
       0
       1
       0
       0
       0
       0
       0
       0
       0
       0
       0
       1
       0
       0
       0
       0
       0
       0
       0
       0
       0
       1
       0
       0
       0
       0
       0
       0
       0
       0
       0
       1
       0
       1
       0
       0
       0
       1
       0
       0
       1
       0
       1
       0
       0
       2
       0
       0
       0
       0
       0
       0
       0
       0
       2
       0
       0
       0
       0
       1
       0
       0
       0
       0
       0
       0
       0
       0
       0
       0
       0
       0
       0
       0
       1
       1
       0
       0
       1
       0
       0
       0
       1
       0
       0
       1
       0
       0
       0
       0
       0
       0
       0
       0
       0
       0
       0
       1
       0
       1
       0
       0
       0
       0
       0
       0
       1
       0
       0
       1
       1
       0
       0
       0
       0
       0
       0
       1
       1
       0
       1
       0
       1
       0
       0
       0
       0
       0
       0
       0
       0
       0
       0
       1
       0
       1
       0
       0
       0
       0
       0
       0
       1
       0
       0
       0
       1
       1
       0
       0
       0
       0
       1
       0
       0
       1
       1
       0
       0
       0
       0
       0
       0
       0
       0
       0
       0
       0
       0
       2
       0
       0
       0
       0
       0
       0
       0
       0
       0
       0
       0
       1
       0
       0
       1
       0
       0
       1
       0
       0
       0
       0
       0
       1
       0
       0
       0
       0
       0
       0
       1
       0
       0
       0
       0
       0
       0
       0
       0
       0
       0
       0
       0
       1
       1
       1
       0
       2
       0
       0
       1
       0
       0
       0
       1
       0
       0
       1
       1
       0
       2
       0
       1
       0
       0
       1
       0
       0
       0
       1
       1
       0
       0
       0
       0
       1
       0
       1
       0
       1
       0
       1
       1
       0
       0
       0
       0
       0
       0
       0
       1
       0
       0
       0
       1
       0
       1
       0
       0
       0
       0
       0
       0
       0
       0
       0
       0
       0
       0
       0
       0
       0
       0
       0
       0
       0
       0
       0
       0
       1
       0
       0
       0
       0
       0
       0
       0
       0
       0
       0
       0
       0
       0
       1
       0
       1
       0
       0
       0
       1
       0
       2
       1
       2
       0
       2
       0
       0
       0
       3
       1
       3
       0
       0
       0
       1
       0
       0
       0
       0
       0
       0
       0
       0
       0
       0
       0
       2
       0
       0
       0
       1
       0
       0
       0
       0
       2
       0
       0
       0
       0
       0
       0
       0
       0
       0
       0
       0
       0
       0
       0
       0
       1
       0
       1
       0
       0
       0
       0
       1
       1
       0
       0
       1
       0
       0
       2
       0
       0
       0
       0
       0
       0
       0
       0
       0
       0
       0
       0
       0
       0
       0
       0
       0
       0
       0
       0
       0
       0
       0
       0
       0
       0
       0
       1
       0
       0
       0
       0
       0
       0
       0
       1
       0
       0
       1
       0
       0
       0
       0
       1
       0
       0
       0
       1
       0
       0
       0
       0
       0
       0
       0
       0
       0
       0
       0
       0
       0
       0
       0
       1
       0
       0
       0
       2
       0
       1
       0
       0
       0
       0
       0
       0
       0
       0
       0
       0
       0
       0
       0
       0
       0
       0
       0
       0
       1
       0
       0
       0
       0
       2
       0
       0
       1
       1
       0
       0
       1
       0
       0
       2
       0
       0
       2
       0
       0
       0
       0
       0
       0
       0
       0
       0
       0
       1
       1
       0
       0
       1
       1
       0
       0
       0
       0
       0
       0
       0
       1
       0
       0
       0
       0
       0
       0
       0
       0
       0
       0
       0
       0
       0
       0
       1
       0
       0
       2
       0
       0
       1
       0
       0
       0
       0
       0
       0
       0
       0
       1
       1
       0
       0
       0
       0
       0
       0
       0
       0
       0
       0
       0
       0
       0
       0
       0
       0
       0
       0
       0
       2
       1
       0
       0
       0
       0
       1
       0
       0
       1
       1
       0
       0
       0
       0
       0
       1
       1
       0
       0
       0
       0
       0
       0
       0
       1
       0
       0
       0
       0
       0
       0
       0
       0
       2
       0
       0
       1
       0
       0
       0
       0
       0
       0
       0
       0
       0
       0
       0
       0
       0
       0
       0
       0
       0
       0
       0
       0
       0
       0
       0
       0
       0
       0
       0
       0
       0
       0
       0
       0
       0
       1
       0
       0
       0
       0
       0
       1
       1
       0
       1
       0
       0
       0
       0
       0
       0
       0
       0
       0
       0
       0
       0
       0
       0
       0
       0
       1
       0
       0
       0
       0
       0
       0
       0
       2
       0
       0
       0
       0
       0
       1
       0
       1
       0
       0
       0
       1
       0
       0
       0
       0
       2
       0
       1
       0
       0
       0
       0
       0
       0
       1
       0
       0
       0
       1
       0
       0
       0
       0
       0
       0
       1
       1
       0
       0
       0
       1
       0
       0
       0
       0
       0
       1
       0
       1
       1
       1
       0
       0
       0
       0
       0
       0
       1
       0
       0
       0
       0
       0
       0
       0
       0
       1
       0
       0
       1
       0
       0
       0
       0
       0
       0
       0
       0
       0
       0
       0
       0
       0
       0
       0
       0
       0
       0
       0
       0
       0
       0
       0
       0
       0
       0
       0
       0
       0
       0
       0
       0
       0
       0
       1
       0
       0
       0
       0
       0
       0
       0
       0
       1
       0
       0
       0
       0
       0
       0
       0
       0
       0
       0
       0
       0
       0
       0
       0
       0
       0
       0
       0
       0
       1
       0
       0
       0
       0
       0
       1
       1
       0
       0
       0
       0
       0
       0
       0
       1
       0
       0
       0
       0
       0
       0
       0
       0
       0
       1
       0
       0
       0
       1
       0
       1
       0
       1
       1
       0
       0
       1
       0
       0
       0
       0
       0
       0
       0
       0
       1
       0
       0
       0
       0
       0
       0
       0
       0
       0
       0
       0
       0
       0
       0
       0
       0
       0
       0
       0
       0
       0
       0
       0
       0
       1
       0
       0
       0
       0
       0
       0
       0
       0
       0
       0
       0
       0
       0
       0
       0
       0
       0
       0
       1
       0
       0
       0
       0
       0
       0
       0
       0
       0
       0
       0
       0
       0
       0
       0
       1
       0
       0
       0
       0
       0
       0
       0
       0
       1
       0
       0
       0
       0
       0
       1
       0
       0
       0
       0
       0
       0
       0
       0
       0
       1
       2
       0
       0
       0
       0
       1
       0
       0
       0
       0
       0
       0
       0
       0
       0
       0
       0
       0
       0
       1
       0
       0
       0
       0
       0
       0
       0
       0
       0
       0
       0
       0
       0
       0
       0
       0
       0
       0
       0
       0
       0
       0
       0
       0
       0
       0
       0
       0
       0
       0
       1
       1
       0
       1
       0
       1
       0
       1
       0
       0
       0
       0
       0
       0
       1
       0
       0
       0
       0
       0
       0
       0
       1
       0
       1
       0
       0
       0
       0
       0
       0
       0
       0
       0
       0
       0
       1
       0
       0
       0
       0
       0
       0
       0
       0
       0
       0
       0
       0
       0
       0
       0
       0
       0
       0
       0
       0
       0
       0
       0
       0
       0
       0
       0
       0
       0
       0
       0
       0
       1
       1
       0
       1
       0
       0
       0
       1
       1
       0
       0
       0
       0
       0
       0
       0
       0
       0
       0
       0
       0
       0
       0
       0
       0
       1
       0
       0
       0
       0
       0
       0
       0
       0
       0
       0
       0
       0
       0
       0
       0
       1
       0
       0
       0
       0
       0
       1
       0
       0
       0
       0
       0
       0
       0
       0
       0
       0
       0
       0
       0
       0
       0
       0
       0
       0
       0
       0
       0
       0
       0
       0
       0
       0
       0
       0
       0
       0
       0
       0
       1
       0
       0
       0
       0
       0
       0
       0
       0
       0
       0
       0
       0
       0
       1
       0
       0
       0
       0
       0
       0
       2
       1
       0
       0
       1
       1
       1
       0
       0
       1
       0
       0
       0
       0
       1
       0
       1
       0
       0
       0
       0
       1
       0
       0
       0
       1
       0
       0
       0
       2
       0
       0
       1
       0
       0
       0
       0
       0
       0
       0
       0
       0
       0
       0
       0
       0
       0
       0
       1
       0
       0
       0
       0
       0
       0
       0
       1
       1
       0
       0
       0
       0
       0
       0
       0
       0
       0
       0
       0
       0
       0
       0
       0
       0
       0
       1
       0
       0
       0
       0
       0
       0
       0
       0
       0
       0
       0
       0
       0
       0
       0
       1
       1
       0
       0
       0
       0
       1
       0
       0
       1
       0
       0
       2
       1
       1
       0
       0
       0
       0
       0
       1
       0
       0
       0
       0
       1
       0
       0
       0
       0
       0
       0
       0
       2
       2
       0
       0
       1
       1
       1
       0
       0
       0
       0
       0
       0
       0
       0
       0
       0
       1
       0
       1
       0
       0
       1
       0
       0
       0
       1
       0
       0
       0
       0
       0
       0
       0
       0
       0
       1
       0
       1
       0
       0
       0
       0
       0
       0
       0
       0
       0
       0
       0
       0
       1
       0
       0
       1
       0
       1
       0
       0
       0
       0
       1
       0
       0
       0
       0
       0
       1
       0
       0
       0
       0
       0
       0
       0
       0
       1
       0
       0
       0
       0
       0
       0
       0
       0
       0
       0
       0
       0
       0
       0
       0
       0
       0
       0
       0
       0
       0
       0
       0
       0
       0
       0
       0
       0
       0
       0
       0
       0
       0
       0
       0
       0
       0
       0
       0
       0
       0
       0
       0
       0
       0
       0
       1
       0
       2
       1
       0
       1
       0
       0
       1
       1
       0
       1
       2
       1
       1
       0
       0
       0
       0
       0
       1
       0
       0
       1
       0
       0
       0
       0
       0
       0
       0
       0
       0
       1
       0
       1
       0
       1
       0
       0
       0
       0
       0
       0
       0
       0
       0
       0
       0
       0
       0
       0
       0
       0
       0
       0
       0
       0
       0
       0
       0
       1
       0
       0
       0
       0
       0
       0
       0
       1
       0
       0
       0
       0
       0
       0
       0
       0
       0
       0
       0
       0
       1
       0
       0
       0
       0
       0
       0
       0
       1
       0
       0
       0
       0
       0
       0
       0
       0
       0
       0
       0
       0
       1
       0
       0
       0
       2
       0
       0
       0
       0
       0
       0
       2
       0
       0
       2
       0
       0
       0
       0
       0
       0
       0
       0
       0
       0
       0
       0
       0
       0
       0
       0
       0
       0
       0
       0
       0
       0
       0
       0
       0
       0
       0
       0
       0
       0
       0
       0
       0
       0
       0
       0
       0
       0
       0
       0
       0
       0
       0
       0
       0
       0
       0
       0
       0
       0
       0
       0
       0
       0
       0
       0
       0
       1
       0
       0
       0
       0
       1
       0
       0
       0
       0
       0
       0
       0
       0
       0
       0
       0
       0
       0
       0
       0
       0
       0
       0
       1
       0
       0
       0
       0
       0
       0
       0
       1
       0
       0
       0
       0
       0
       0
       0
       0
       0
       0
       0
       1
       0
       0
       1
       0
       1
       1
       0
       0
       0
       0
       0
       0
       0
       0
       0
       0
       0
       0
       0
       0
       0
       0
       0
       0
       0
       0
       0
       0
       0
       0
       0
       0
       0
       0
       0
       0
       0
       0
       1
       0
       0
       0
       0
       0
       1
       0
       0
       0
       0
       0
       0
       0
       0
       0
       0
       1
       0
       1
       0
       0
       0
       0
       0
       0
       0
       0
       0
       0
       0
       0
       0
       0
       0
       0
       0
       0
       0
       0
       0
       1
       0
       0
       0
       0
       0
       0
       0
       1
       0
       0
       1
       0
       0
       1
       0
       0
       0
       0
       0
       1
       1
       0
       0
       0
       0
       1
       0
       0
       0
       0
       0
       0
       0
       0
       0
       0
       0
       0
       0
       0
       0
       0
       0
       0
       0
       0
       0
       1
       0
       0
       0
       0
       0
       0
       0
       1
       0
       0
       0
       0
       0
       0
       0
       1
       0
       0
       1
       0
       0
       0
       0
       0
       1
       0
       0
       0
       0
       0
       0
       0
       0
       0
       0
       1
       0
       0
       1
       0
       0
       0
       0
       0
       0
       0
       0
       0
       0
       0
       0
       1
       0
       0
       0
       0
       0
       1
       0
       0
       0
       0
       0
       0
       0
       0
       0
       0
       0
       0
       0
       0
       0
       0
       0
       0
       0
       0
       0
       1
       0
       0
       0
       0
       0
       0
       2
       0
       0
       0
       0
       0
       0
       1
       0
       0
       0
       0
       0
       0
       0
       0
       0
       0
       0
       0
       0
       0
       0
       0
       0
       0
       0
       0
       0
       0
       0
       0
       0
       1
       0
       0
       0
       0
       1
       0
       0
       1
       0
       0
       0
       0
       0
       0
       0
       0
       1
       0
       0
       0
       0
       0
       0
       0
       0
       0
       0
       0
       0
       1
       0
       0
       0
       0
       0
       0
       0
       0
       0
       0
       1
       0
       0
       0
       0
       0
       0
       0
       0
       0
       0
       0
       0
       0
       1
       0
       0
       0
       1
       0
       0
       0
       0
       0
       0
       0
       0
       0
       0
       0
       0
       0
       0
       0
       0
       0
       0
       0
       0
       0
       0
       0
       0
       0
       0
       0
       0
       0
       0
       1
       0
       0
       0
       0
       0
       0
       0
       0
       1
       0
       0
       0
       0
       0
       0
       0
       0
       0
       0
       0
       0
       0
       0
       0
       0
       0
       0
       0
       0
       0
       0
       0
       0
       0
       0
       0
       0
       0
       0
       0
       0
       0
       0
       0
       0
       0
       0
       0
       0
       1
       0
       0
       0
       0
       0
       0
       0
       0
       0
       0
       0
       1
       0
       0
       1
       1
       0
       0
       0
       0
       0
       0
       0
       0
       0
       0
       0
       0
       0
       0
       0
       0
       0
       0
       0
       0
       0
       1
       0
       0
       0
       1
       0
       0
       0
       0
       0
       0
       0
       0
       1
       0
       0
       0
       0
       0
       0
       0
       0
       0
       0
       0
       0
       0
       0
       0
       0
       0
       0
       0
       0
       0
       1
       0
       0
       0
       0
       0
       0
       1
       0
       0
       0
       0
       0
       0
       0
       0
       0
       0
       0
       0
       0
       0
       0
       0
       0
       1
       0
       0
       0
       0
       0
       0
       0
       0
       0
       0
       0
       0
       0
       0
       0
       0
       0
       0
       0
       0
       0
       0
       0
       0
       0
       0
       0
       0
       0
       0
       0
       1
       0
       0
       0
       0
       1
       0
       0
       0
       0
       0
       0
       0
       0
       0
       0
       0
       0
       0
       0
       0
       0
       0
       0
       0
       0
       0
       0
       0
       0
       0
       0
       0
       0
       0
       0
       0
       0
       0
       0
       0
       1
       0
       1
       0
       0
       0
       0
       0
       0
       0
       0
       0
       0
       0
       0
       0
       0
       0
       0
       0
       0
       0
       0
       0
       0
       0
       1
       0
       0
       0
       0
       0
       0
       0
       2
       0
       0
       0
       0
       0
       0
       0
       0
       0
       0
       0
       0
       0
       0
       0
       0
       0
       0
       0
       0
       0
       0
       0
       0
       0
       0
       0
       0
       0
       0
       0
       0
       0
       0
       0
       0
       0
       0
       0
       0
       0
       0
       0
       0
       0
       0
       0
       0
       0
       0
       0
       0
       0
       0
       0
       0
       0
       0
       0
       0
       0
       0
       0
       0
       0
       0
       0
       0
       0
       0
       0
       0
       0
       0
       0
       0
       0
       0
       0
       0
       0
       0
       0
       0
       0
       0
       0
       0
       0
       0
       0
       0
       0
       0
       0
       0
       0
       0
       0
       0
       0
       0
       0
       0
       1
       0
       0
       0
       0
       0
       0
       0
       0
       0
       0
       0
       0
       1
       0
       0
       0
       0
       1
       0
       0
       0
       0
       0
       0
       0
       0
       0
       0
       0
       1
       0
       0
       0
       1
       0
       0
       0
       0
       0
       0
       0
       0
       0
       0
       0
       0
       0
       0
       0
       0
       1
       0
       0
       0
       0
       0
       0
       0
       0
       0
       0
       0
       0
       0
       0
       0
       0
       0
       0
       0
       0
       0
       0
       0
       0
       0
       0
       1
       0
       0
       0
       0
       0
       1
       0
       0
       0
       0
       0
       0
       0
       0
       0
       0
       0
       0
       0
       0
       0
       0
       2
       0
       0
       1
       0
       0
       3
       2
       1
       0
       0
       0
       1
       3
       1
       2
       0
       0
       0
       0
       0
       0
       0
       0
       0
       0
       0
       0
       0
       0
       0
       0
       0
       0
       0
       1
       1
       0
       0
       0
       0
       0
       0
       0
       0
       0
       0
       0
       0
       0
       0
       0
       0
       0
       0
       0
       0
       0
       0
       0
       0
       0
       0
       0
       0
       1
       0
       0
       0
       0
       0
       0
       0
       0
       0
       0
       0
       0
       0
       0
       0
       0
       0
       0
       0
       0
       1
       0
       0
       0
       0
       0
       0
       0
       0
       0
       0
       0
       0
       0
       0
       0
       0
       0
       0
       0
       0
       0
       0
       0
       0
       0
       0
       0
       0
       0
       0
       0
       0
       0
       0
       0
       0
       0
       0
       0
       0
       0
       0
       0
       1
       0
       0
       1
       0
       0
       0
       0
       0
       0
       0
       0
       0
       0
       0
       0
       0
       0
       0
       0
       0
       0
       0
       0
       0
       0
       0
       0
       0
       0
       0
       0
       0
       0
       0
       0
       0
       0
       0
       0
       0
       0
       0
       0
       0
       0
       0
       0
       0
       0
       0
       0
       0
       0
       0
       0
       0
       0
       0
       0
       0
       0
       0
       0
       0
       0
       0
       0
       0
       0
       0
       0
       0
       0
       0
       0
       0
       0
       0
       0
       0
       0
       0
       0
       0
       0
       0
       0
       0
       0
       0
       0
       0
       0
       0
       0
       0
       0
       0
       0
       0
       0
       0
       0
       0
       0
       0
       1
       0
       0
       0
       0
       0
       0
       0
       0
       0
       0
       0
       0
       0
       0
       0
       0
       0
       0
       0
       0
       0
       0
       0
       0
       0
       0
       0
       0
       0
       0
       0
       0
       0
       0
       0
       0
       0
       0
       0
       0
       0
       0
       0
       0
       0
       0
       0
       0
       0
       0
       1
       0
       0
       1
       0
       0
       0
       0
       0
       0
       0
       0
       0
       0
       0
       0
       0
       1
       0
       0
       0
       0
       1
       0
       0
       0
       0
       0
       0
       0
       0
       0
       0
       0
       0
       1
       0
       0
       0
       0
       0
       0
       0
       0
       0
       0
       0
       0
       0
       0
       0
       1
       0
       0
       0
       0
       0
       0
       0
       0
       0
       0
       0
       0
       0
       0
       0
       0
       0
       0
       0
       0
       0
       0
       0
       0
       0
       0
       0
       0
       0
       0
       0
       0
       0
       0
       0
       0
       0
       0
       0
       0
       0
       0
       0
       0
       0
       0
       0
       0
       0
       0
       0
       0
       0
       0
       0
       0
       0
       1
       0
       0
       0
       0
       0
       0
       0
       2
       0
       0
       0
       0
       0
       0
       0
       0
       0
       0
       0
       0
       0
       0
       0
       0
       0
       0
       0
       0
       0
       0
       0
       0
       0
       0
       0
       0
       0
       0
       0
       0
       0
       0
       0
       0
       0
       0
       0
       0
       0
       0
       0
       0
       0
       0
       0
       0
       0
       0
       0
       0
       0
       0
       0
       0
       0
       0
       0
       0
       0
       0
       0
       0
       0
       0
       0
       0
       0
       0
       0
       0
       0
       0
       0
       0
       0
       1
       0
       0
       0
       0
       0
       0
       0
       0
       0
       0
       0
       0
       0
       0
       0
       0
       0
       0
       0
       0
       0
       0
       0
       0
       0
       0
       0
       0
       0
       0
       0
       0
       0
       0
       0
       0
       0
       0
       0
       0
       0
       0
       0
       0
       1
       0
       0
       0
       0
       0
       0
       0
       0
       0
       0
       0
       0
       0
       0
       0
       0
       0
       0
       0
       0
       0
       0
       0
       0
       0
       0
       0
       1
       0
       0
       0
       1
       0
       0
       0
       0
       0
       0
       0
       0
       0
       0
       0
       0
       0
       0
       0
       0
       0
       0
       0
       0
       0
       0
       0
       0
       0
       0
       0
       0
       0
       0
       0
       0
       0
       1
       0
       0
       0
       0
       0
       0
       0
       0
       0
       0
       0
       0
       0
       0
       0
       0
       0
       0
       0
       0
       0
       0
       0
       0
       0
       0
       0
       1
       0
       0
       0
       0
       0
       0
       0
       0
       0
       0
       0
       0
       0
       0
       0
       0
       1
       0
       0
       0
       0
       0
       0
       0
       0
       0
       0
       0
       0
       0
       0
       0
       0
       0
       0
       0
       0
       0
       0
       0
       0
       0
       0
       0
       0
       0
       0
       0
       0
       0
       0
       0
       0
       0
       0
       0
       0
       0
       0
       0
       0
       0
       0
       0
       0
       0
       0
       0
       0
       0
       0
       0
       0
       0
       0
       0
       1
       0
       0
       0
       0
       1
       0
       0
       0
       0
       0
       0
       0
       0
       0
       0
       0
       0
       0
       0
       0
       0
       0
       0
       0
       0
       0
       0
       0
       0
       0
       0
       0
       0
       0
       0
       0
       0
       0
       0
       0
       0
       0
       0
       0
       0
       0
       0
       0
       0
       0
       0
       0
       0
       0
       0
       0
       0
       0
       0
       0
       0
       0
       0
       0
       0
       0
       0
       0
       0
       0
       0
       0
       0
       0
       0
       0
       0
       0
       0
       0
       1
       0
       0
       0
       0
       0
       0
       0
       0
       0
       0
       0
       0
       0
       0
       0
       0
       0
       0
       0
       0
       0
       0
       0
       0
       0
       0
       0
       0
       0
       0
       0
       0
       0
       0
       0
       0
       0
       0
       0
       0
       0
       0
       0
       0
       0
       0
       0
       0
       0
       0
       0
       0
       0
       0
       0
       0
       0
       0
       0
       0
       0
       0
       0
       0
       0
       0
       0
       0
       0
       0
       1
       0
       0
       0
       0
       0
       0
       1
       0
       0
       0
       0
       0
       0
       0
       0
       0
       0
       0
       0
       0
       0
       0
       0
       0
       0
       0
       0
       0
       0
       0
       0
       0
       0
       0
       0
       0
       0
       0
       0
       0
       0
       0
       0
       0
       0
       0
       0
       0
       0
       0
       0
       0
       0
       0
       0
       1
       0
       0
       0
       0
       0
       0
       0
       0
       0
       0
       0
       0
       0
       0
       0
       0
       0
       0
       0
       0
       0
       0
       0
       0
       0
       0
       0
       0
       0
       0
       0
       0
       0
       0
       0
       0
       0
       0
       0
       0
       0
       0
       0
       0
       0
       0
       0
       0
       0
       1
       0
       0
       1
       0
       0
       0
       0
       0
       0
       0
       0
       0
       0
       0
       0
       0
       0
       0
       0
       0
       0
       0
       0
       0
       0
       0
       0
       0
       0
       1
       0
       0
       0
       0
       0
       0
       0
       0
       0
       0
       0
       0
       1
       0
       0
       0
       0
       0
       0
       0
       0
       0
       0
       0
       0
       0
       0
       0
       0
       0
       0
       0
       0
       0
       0
       0
       0
       0
       0
       0
       0
       1
       0
       0
       0
       0
       0
       0
       0
       0
       0
       0
       0
       0
       0
       0
       0
       0
       0
       0
       0
       0
       0
       0
       0
       0
       0
       0
       0
       0
       0
       0
       0
       0
       1
       0
       0
       0
       0
       0
       0
       0
       0
       0
       0
       0
       0
       0
       0
       0
       0
       0
       0
       0
       0
       0
       0
       0
       0
       0
       0
       0
       0
       0
       0
       0
       0
       0
       0
       0
       0
       0
       0
       0
       0
       0
       0
       0
       0
       0
       0
       0
       0
       0
       0
       0
       0
       0
       0
       0
       0
       0
       0
       0
       0
       0
       0
       0
       0
       0
       0
       0
       0
       0
       0
       0
       0
       0
       0
       0
       0
       0
       0
       0
       0
       0
       0
       0
       0
       0
       0
       0
       0
       0
       0
       0
       0
       0
       0
       0
       0
       0
       0
       0
       0
       0
       0
       0
       0
       0
       0
       0
       0
       1
       0
       0
       0
       0
       0
       0
       0
       0
       0
       0
       0
       0
       0
       0
       0
       0
       0
       0
       0
       0
       0
       0
       0
       0
       0
       0
       0
       0
       0
       0
       0
       0
       0
       0
       0
       0
       0
       0
       0
       0
       0
       0
       0
       0
       0
       0
       0
       0
       0
       0
       0
       0
       0
       0
       0
       0
       0
       0
       0
       0
       0
       0
       0
       0
       0
       0
       0
       0
       0
       0
       0
       1
       0
       0
       0
       0
       0
       0
       0
       0
       0
       0
       0
       0
       0
       0
       0
       0
       0
       0
       1
       0
       0
       0
       0
       0
       0
       0
       0
       0
       0
       0
       0
       0
       0
       0
       0
       0
       0
       0
       0
       0
       1
       0
       0
       0
       0
       0
       0
       0
       1
       0
       0
       0
       0
       0
       0
       0
       0
       0
       0
       0
       0
       0
       0
       0
       1
       0
       0
       0
       0
       0
       0
       0
       0
       0
       0
       0
       0
       0
       0
       0
       0
       0
       0
       0
       0
       0
       0
       0
       0
       0
       0
       0
       0
       0
       0
       0
       0
       0
       0
       0
       0
       0
       0
       0
       0
       1
       0
       0
       0
       0
       0
       0
       0
       0
       0
       0
       0
       0
       0
       0
       0
       0
       0
       0
       0
       0
       0
       0
       0
       0
       0
       0
       0
       0
       0
       0
       0
       0
       0
       0
       0
       0
       0
       0
       0
       0
       0
       0
       0
       0
       0
       0
       0
       0
       0
       0
       0
       0
       1
       0
       0
       0
       0
       0
       0
       0
       1
       0
       0
       0
       0
       0
       0
       0
       0
       0
       0
       0
       0
       0
       0
       0
       0
       0
       0
       0
       0
       0
       0
       0
       0
       0
       0
       0
       0
       0
       0
       0
       0
       0
       0
       0
       0
       0
       0
       0
       0
       0
       0
       0
       0
       0
       0
       0
       0
       0
       0
       0
       0
       0
       0
       0
       0
       0
       0
       0
       0
       0
       0
       0
       0
       0
       0
       0
       0
       0
       0
       0
       0
       0
       0
       0
       0
       0
       0
       0
       0
       0
       0
       0
       0
       0
       0
       0
       0
       0
       0
       0
       0
       0
       0
       0
       0
       0
       0
       0
       0
       0
       0
       0
       0
       1
       0
       0
       0
       0
       0
       0
       0
       0
       1
       1
       1
       1
       0
       0
       1
       1
       0
       1
       3
       0
       1
       1
       3
       1
       0
       1
       1
       0
       2
       1
       2
       1
       0
       0
       0
       0
       0
       1
       1
       3
       1
       3
       0
       0
       1
       0
       3
       0
       0
       1
       0
       0
       1
       0
       2
       1
       1
       0
       1
       0
       0
       0
       0
       1
       2
       0
       3
       0
       1
       2
       1
       1
       0
       0
       0
       2
       2
       0
       1
       2
       1
       0
       1
       1
       0
       0
       0
       1
       1
       0
       0
       1
       1
       2
       0
       1
       0
       0
       0
       1
       1
       0
       1
       0
       0
       2
       0
       1
       0
       1
       0
       1
       4
       1
       0
       2
       0
       0
       0
       0
       0
       0
       1
       0
       0
       1
       0
       1
       1
       1
       0
       3
       1
       0
       2
       0
       2
       3
       1
       0
       2
       0
       1
       0
       1
       2
       0
       0
       0
       3
       0
       1
       2
       0
       1
       1
       0
       0
       1
       0
       0
       1
       0
       0
       0
       0
       0
       1
       1
       0
       0
       0
       1
       0
       0
       0
       1
       0
       0
       1
       1
       0
       0
       0
       2
       0
       0
       1
       0
       0
       1
       0
#$ROI:
#0
#$PRESETS:
#None
#0
#0
#$ENER_FIT:
#0.000000 0.374432
#$MCA_CAL:
#3
#0.000000E+000 3.744323E-001 0.000000E+000 keV
#$SHAPE_CAL:
#3
#6.617742E+000 0.000000E+000 0.000000E+000
#
