$SPEC_ID:
No sample description was entered.
$SPEC_REM:
DET# 1
DETDESC# NEWTON MCB 338
AP# Maestro Version 6.06
$DATE_MEA:
04/08/2019 10:30:49
$MEAS_TIM:
3598 3600
$DATA:
0 8191
       0
       0
       0
       0
       0
       0
       0
       0
       0
       0
       0
       0
       0
       0
       0
       0
       0
       0
       0
       0
       0
       0
       0
       0
       0
       0
       0
       0
       0
       0
       0
       0
       0
       0
       0
       0
       0
       0
       0
       0
       0
       0
       0
       0
       0
       0
       0
       0
       0
       0
       1
       0
       1
       6
      32
      42
      69
      89
     118
      95
      99
     118
     117
     101
      99
      94
     106
      94
     112
      95
      85
      88
     100
      89
     101
     107
      89
     106
     108
      87
      66
      94
      83
      96
      96
     106
      92
      88
      80
     100
      93
     107
      72
      87
     105
      96
     106
      84
      78
      74
      78
     106
      94
     129
     164
     265
     239
     170
     122
      80
      71
      76
      64
      59
      94
      69
      70
      94
     144
     226
     177
     117
      97
     101
      70
      59
      58
      63
      73
      62
      52
      65
      63
      55
      60
      73
      62
      68
      53
      59
      56
      39
      40
      62
      57
      56
      48
      54
      58
      66
      64
      55
      43
      57
      75
      60
      63
      51
      67
      53
      54
      46
      65
      54
      64
      48
      65
      45
      57
      60
      50
      66
      51
      46
      60
      62
      55
      59
      68
      59
      72
      71
      55
      59
      66
      63
      55
      67
      68
      63
      62
      55
      83
      92
      78
      57
      44
      57
      64
      55
      66
      73
      60
      65
      67
      71
      85
      69
      69
      71
      94
      95
      97
      83
     120
     121
     131
     123
     102
     119
      86
      88
      86
      89
      77
      86
      75
      84
      81
      65
      64
      74
     100
      78
      74
      78
     101
      83
      83
      76
      83
      83
      58
      78
      81
      83
      59
      76
      81
      73
      72
      63
      82
      65
      72
      65
      75
      78
      92
      77
      79
      74
      78
      79
      84
      72
      79
      70
      98
      79
      83
      83
      70
      76
      83
      78
      89
      93
      95
      89
      99
      83
     100
      95
      84
      84
     100
      88
      80
      94
      87
      83
     118
      76
      78
      85
      99
     100
     105
     100
     100
     101
      99
      92
     117
     120
     316
    1402
    3365
    4060
    2319
     652
     165
      86
      67
      64
      59
      74
      57
      74
      63
      61
      58
      74
      60
      65
      73
      53
      49
      68
      59
      52
      53
      57
      71
      65
      66
      67
      63
      68
      60
      49
      76
      63
      64
      63
      63
      61
      56
      43
      59
      52
      64
      60
      73
      58
      43
      46
      69
      56
      64
      68
      64
      55
      71
      62
      70
      57
      57
      65
      74
      69
      69
      68
      79
     100
      69
      67
      73
      67
      76
      78
      78
      85
      69
      77
      74
      87
      77
      87
      76
      65
      77
      77
      74
      73
      69
      72
      76
      70
      82
      65
      58
      68
      84
      64
      72
      54
      62
      58
      72
      64
      64
      60
      57
      61
      61
      71
      69
      60
      52
      54
      53
      56
      56
      68
      46
      63
      60
      51
      54
      73
      49
      49
      63
      57
      60
      65
      67
      57
      53
      61
      47
      56
      65
      61
      49
      63
      54
      64
      59
      65
      55
      48
      65
      48
      59
      66
      63
      53
      58
      50
      69
      71
      75
      62
      51
      52
      74
      66
      50
      48
      41
      58
      58
      59
      63
      52
      55
      47
      52
      47
      58
      66
      52
      60
      56
      61
      66
      66
      65
      59
      66
      52
      69
      64
      69
      53
      52
      63
      52
      66
      64
      60
      51
      57
      44
      45
      51
      58
      53
      48
      53
      51
      59
      56
      45
      50
      62
      52
      51
      57
      58
      54
      52
      62
      50
      43
      59
      57
      59
      62
      52
      66
      63
      51
      41
      55
      55
      49
      47
      62
      52
      45
      48
      58
      54
      46
      45
      48
      44
      41
      45
      48
      39
      45
      40
      50
      47
      53
      47
      53
      50
      58
      44
      55
      51
      49
      53
      42
      50
      36
      45
      44
      49
      38
      39
      47
      43
      34
      31
      32
      39
      45
      38
      31
      31
      41
      37
      42
      43
      43
      46
      38
      37
      42
      34
      44
      40
      33
      40
      25
      32
      39
      36
      33
      38
      40
      33
      30
      47
     120
     331
     527
     634
     441
     166
      65
      30
      30
      35
      40
      42
      25
      29
      32
      30
      22
      21
      36
      43
      25
      29
      36
      37
      28
      39
      31
      30
      28
      26
      21
      27
      32
      31
      29
      25
      20
      20
      40
      31
      27
      31
      25
      25
      29
      22
      28
      23
      25
      29
      27
      29
      34
      25
      22
      27
      23
      32
      23
      17
      32
      25
      35
      32
      26
      21
      30
      28
      32
      30
      23
      22
      31
      31
      24
      28
      33
      27
      21
      24
      34
      23
      37
      28
      21
      24
      24
      21
      36
      26
      27
      21
      26
      25
      25
      28
      36
      19
      27
      20
      16
      19
      12
      27
      19
      17
      30
      21
      31
      25
      26
      17
      23
      24
      26
      21
      29
      20
      24
      23
      30
      29
      24
      27
      23
      18
      24
      32
      36
      59
      56
      42
      40
      29
      27
      23
      23
      26
      26
      20
      24
      29
      19
      30
      19
      23
      28
      11
      31
      22
      19
      20
      28
      15
      27
      28
      14
      26
      21
      22
      24
      19
      24
      26
      25
      20
      11
      19
      16
      34
      19
      25
      12
      24
      23
      26
      29
      29
      16
      26
      21
      17
      23
      16
      21
      17
      25
      16
      12
      23
      23
      28
      24
      16
      22
      23
      28
      20
      27
      23
      24
      27
      23
      26
      22
      29
      16
      18
      37
      24
      30
      21
      29
      38
      22
      24
      28
      16
      18
      16
      20
      22
      29
      13
      22
      27
      30
      22
      22
      20
      23
      22
      26
      18
      12
      17
      18
      22
      17
      22
      15
      18
      20
      23
      30
      42
      88
     274
     710
    1180
    1278
     913
     454
     146
      38
      23
      18
      15
      16
      16
      15
      20
      12
      19
      18
      21
      20
      13
      13
      14
      18
      16
      19
      18
      16
      12
      22
      17
      17
      13
      20
      14
      19
      18
      12
      17
      18
      25
      16
      15
      22
      12
      15
      10
      14
      21
      16
      25
      16
      16
      17
      11
      21
      11
      15
      33
      34
      42
      40
      46
      32
      13
      20
      16
      15
      17
      13
      20
      10
      15
      16
      12
      12
      20
      18
      21
      23
      17
      13
      13
      17
      16
      16
      19
      23
      12
      17
      21
      18
      17
      11
      20
      13
      16
      26
      12
      21
      21
      16
      14
      19
      17
      16
      23
      18
      23
      23
      15
      18
      16
      17
      17
      23
      13
      17
      17
      19
      20
      20
      16
      18
      15
      17
      12
      16
      14
      15
      24
      19
      16
      10
      17
      12
      16
      21
      17
      15
      18
      13
      14
      12
      15
      22
      10
      20
      24
      20
       8
      18
      18
      18
      17
      14
      15
      15
      21
      10
      15
      23
      18
      15
      16
      28
      46
      71
      98
      90
      54
      43
      23
      25
      18
      16
      21
      14
      19
      16
      14
      18
      20
       9
      18
      18
      12
      21
      12
      11
      16
      12
      19
      21
      21
      17
      11
       6
      15
      13
      16
      15
      18
      13
      14
      14
      12
      19
      17
       9
      19
      15
      15
      14
      14
      23
      14
      20
      16
      17
      16
      14
      18
      17
      15
      12
      15
      16
      15
      15
      14
      18
      13
      13
      25
      13
      20
       7
      16
      15
      17
      21
      18
      15
      18
      18
      27
      45
      77
      86
     105
      95
      68
      37
      20
      12
      25
      15
      12
      15
      15
      20
      19
      15
      11
      18
      14
       8
      11
      13
      10
      21
       9
      16
      17
      21
      16
      16
      18
      16
      15
      16
      20
      17
      11
      17
      13
      13
      20
      14
      15
      16
      17
      13
      16
      15
      21
      19
      11
      16
      21
      16
      17
      18
      14
      13
      17
      17
      15
      19
      15
      14
      12
      10
      21
      13
      14
      15
      22
      14
      11
      12
      15
      15
      23
      13
      14
      20
      16
      18
      15
      14
      11
      13
      17
      15
      15
      18
      16
      13
      17
      14
      12
      13
      12
      19
      17
       9
       7
      18
      14
      16
       8
      13
      17
      17
      15
      15
      14
      20
      24
      20
      28
      18
      17
      12
      19
      13
      14
      16
      16
      17
      10
      10
      19
      18
      12
      13
      15
       8
      21
      19
      19
      14
      17
      11
      13
      14
      19
      12
      19
      15
      17
      13
      14
      23
      23
      19
      18
      21
      17
      13
      15
      17
      18
      14
      14
      15
      17
      10
      22
      18
      21
      20
      12
      26
      22
      20
      18
      22
      16
      18
      15
      24
      11
      18
      15
      15
      16
      18
      19
      14
      12
      16
      17
      14
      14
      14
      20
      13
      15
       8
      11
      10
      12
      17
      20
      16
      13
      12
       9
      11
       8
      17
       9
      17
      15
      10
      16
       9
      16
      21
      18
      17
      21
      18
      16
      16
      18
       9
      23
      10
      18
      18
      11
      18
      19
      15
      21
      16
       8
      14
      18
      13
      15
      16
      17
      13
       9
       8
      12
      15
      15
      17
      14
      20
      12
      11
      12
      11
      16
      22
      16
      24
      11
      15
      14
      11
      13
      11
      19
      15
      12
      19
      11
       8
      21
      18
      13
      16
       9
      17
      19
      18
      13
      14
      14
      21
       8
      24
      17
      14
      10
      12
      16
      10
      17
      15
      18
      17
      10
      19
      14
      11
      17
      24
      28
      20
      27
      29
      19
      18
      18
      14
      20
      18
      22
      12
      11
      15
      16
      11
      16
      13
      16
      19
      26
      15
      11
      18
      17
      13
      19
      21
      14
      17
      15
      14
      14
      16
      18
      24
      17
      11
      12
      15
      20
      11
      16
      13
      24
      11
      17
      15
      21
      19
      17
      16
      19
      13
      20
      22
      14
      20
      21
      21
      17
      21
      12
      11
      12
      15
      17
      15
      15
      17
      12
      19
      14
      14
      12
      14
      13
      13
      22
      14
      17
      14
      13
       7
      14
      11
      15
      14
      14
       8
      20
       9
      17
      11
       9
      15
      17
      13
      12
      14
      12
      13
      16
      11
      12
      13
      16
      16
      12
      16
      15
      16
      14
      12
      15
      19
      17
       7
      11
      10
      12
      13
      18
      13
       7
      13
      16
      13
      14
      12
      13
      22
      12
       7
      17
      13
      14
       9
      13
      11
      19
      11
      18
      15
       8
      16
       7
       8
      10
      12
       5
      14
      18
      16
      17
      15
       9
      13
      12
      20
       8
      15
      11
      10
      13
       9
      14
      12
      16
      13
      10
      12
      14
      11
      16
      10
       9
       7
      17
      12
      10
      15
      15
      10
      15
      16
      12
      16
      12
      11
      12
      14
      14
      11
      13
      10
      14
      21
       8
      12
       7
      14
       5
      16
      13
      15
      12
      13
      13
      16
      10
      11
      10
       5
      10
      16
      12
      20
      11
      12
      13
      16
       6
      17
      17
       7
      18
      11
      17
      20
      14
      15
      10
      13
      15
       7
      10
      12
      16
      17
      15
      18
      19
      12
       9
      16
      13
      18
      14
      12
       9
      10
      13
       9
       9
      22
      10
      17
      11
      12
      12
      10
      12
      12
      16
      11
      11
      13
       9
      19
       9
      15
      10
       8
      19
      14
       9
      11
      12
      21
      16
      10
      13
       9
      15
      24
      19
      25
      20
      21
      11
       9
      18
       8
       7
       5
      11
      21
      14
      11
       8
      14
      12
      18
      16
      11
      13
      11
      24
      24
      20
      27
      22
      26
      15
      16
      17
      10
      12
       9
       8
       6
      13
       9
      18
      11
      14
       9
      19
      13
      15
       6
      15
      17
      16
      12
      21
      12
      12
      11
       6
      11
      11
       8
       6
      21
      13
       7
      11
      14
       9
      13
      13
       6
      18
      14
      17
      13
      18
       9
      12
      10
      11
      13
      15
      15
      10
      13
      12
      16
       8
      17
      15
       7
      19
      14
       6
       8
      10
      15
      14
      14
      13
      13
       9
      14
      17
      17
      18
      16
      20
      10
      20
      19
      15
      17
      16
      17
      11
      12
      12
      10
      10
      15
      18
      10
      10
      14
      12
      12
      14
      14
      13
       7
       8
       8
      17
       8
      16
      10
      13
      14
      15
       9
      20
       9
      13
       6
      13
      12
      10
      14
      12
       3
      10
      18
      15
      14
       7
      10
      13
      14
       8
      15
      11
       7
      15
      15
      14
      16
      12
       9
       9
      13
      12
       8
      12
       9
      10
      12
      13
      12
      19
      16
      15
      13
      11
       8
      12
       7
       9
      12
      21
      12
      11
      12
      10
      13
      15
      17
      10
      18
      17
      13
      10
      17
      11
      14
       8
      17
      14
       9
      13
      11
      14
      11
      10
      15
      16
      10
      18
      19
      20
      16
      20
       9
      14
       6
      10
      16
      12
      11
      14
      12
      12
      14
      11
      10
       9
      12
       6
       8
      12
       8
       6
      16
      15
      14
      26
      31
      36
      67
     115
     127
     157
     174
     141
     106
      79
      41
      16
      10
      15
      13
      11
      16
      13
      10
      12
       8
       7
       8
      11
       9
      10
       9
       5
       6
      14
      10
       8
       5
       8
      12
      11
       8
      12
       7
      10
       7
       9
      11
       7
       7
      11
      12
      13
       9
      15
       9
       7
      14
       6
      16
       8
       7
       6
       8
       6
       8
       8
       9
      11
      13
       7
      10
      11
       8
      11
      12
      13
      14
      10
       8
      12
      11
       6
       9
       8
      12
      17
      10
      17
      16
      13
      14
      13
      12
       7
      12
      10
      11
       6
      13
       7
      13
       8
       7
      13
       9
       7
       8
      12
      13
      11
       5
       9
       8
      11
      10
      13
      12
       8
      14
       7
      10
      11
       8
      16
       9
      11
      11
       6
      14
       7
       9
      17
       8
      10
       9
      11
       6
      12
      11
      13
      11
      13
      13
       9
       8
      11
       8
      13
      12
       7
      15
       8
       3
      11
      13
      12
       8
      13
      11
      17
       6
      12
       8
      10
      11
      15
       6
       8
      14
      10
      12
       7
      19
       5
       6
      10
       7
      12
      11
      14
      16
      13
       7
       9
      10
       9
      12
      16
      15
      10
      13
      12
      12
       7
      11
      15
       7
       6
       5
      12
       6
      10
      18
       9
      15
       8
      10
      10
      10
      13
      12
       8
       5
       4
       8
       6
       8
      11
      17
       9
      12
      17
       9
      17
      22
      24
      30
      53
      54
      46
      53
      43
      31
      24
      13
       9
       5
      10
      13
       6
       8
       8
      17
      13
      15
      14
      11
       7
       8
      13
      15
      11
       7
      13
      15
      11
       8
      11
       7
      10
       8
      10
      11
       8
      11
       7
       7
      11
      10
      12
       8
      10
       9
       9
      14
      10
       6
      12
      15
       4
       8
      12
      15
       7
       3
       9
       6
       8
       5
       8
       8
      10
       6
       9
      13
       5
      10
      11
      10
      12
      10
       9
       9
       9
      14
       9
       6
       4
       7
      10
      10
       6
      14
      14
      11
      10
      13
      12
       8
      10
       7
       7
       9
       9
       8
      10
       3
      11
       7
       4
       3
       4
       6
      12
       9
       3
       7
      10
      11
       9
       9
      10
       6
       4
      12
       5
       6
      10
       9
       6
       6
       4
       5
       8
      10
      15
      13
      10
      13
      11
       9
      10
      12
       8
      14
       6
       4
      11
       3
      12
       6
       5
      11
       5
       7
      10
       7
      10
       4
       9
       1
      11
       5
      11
       8
       7
       6
       8
       5
       6
       4
       6
       8
       7
       5
       9
       5
       7
       7
       8
       4
       8
       6
       6
       9
       3
       6
       5
       9
       6
      10
       8
       9
       7
       5
       5
       9
       4
       5
      11
       5
       1
       6
       7
       6
       8
       8
       7
       5
       7
       4
      11
       7
      11
       5
       8
       3
       3
       8
       9
       6
       7
      12
       6
       5
       3
       8
      11
       4
       6
      10
       8
       6
       6
       5
       6
       7
       9
       9
       9
       4
       7
       7
      22
      30
      55
      76
     114
      98
     124
     134
     116
      89
      56
      26
      14
       4
       6
       5
       6
       7
       6
       5
       5
       2
       5
       6
       2
       6
       4
       7
       5
       2
       6
       7
       4
       6
       4
       3
       6
       5
       6
       5
       6
       3
       6
       4
       5
       8
       8
       5
       6
       5
       5
       4
       7
       4
       2
       9
       8
       7
       5
       2
       6
       7
       5
       3
       5
       9
       8
       3
       3
       4
       7
       3
       3
       3
       5
       1
       9
       8
       4
       5
       3
      10
       8
       8
       3
       2
       5
       5
       5
       5
       7
       6
       0
       2
       4
       3
       2
       4
       8
       2
       2
       5
       2
       5
       5
       6
      11
      10
      10
       9
       7
       2
       5
       7
       2
       1
       4
       4
       3
       5
       5
       3
       3
       3
       3
       5
       5
       8
       8
       1
       3
       6
       3
       6
       2
       7
       3
       5
       6
       8
       6
       4
       5
       8
       5
       4
       2
       8
       7
       6
       0
       4
       5
       2
       6
       2
       5
       4
       9
       8
       6
       3
       5
       6
       4
       3
       3
       5
       5
       4
       4
       0
       5
       3
       3
       3
       7
       3
       3
       5
       6
       2
       1
       4
      12
       4
       3
       0
       6
       5
       5
       2
       2
       4
       7
       4
       3
       0
       6
       4
       4
       7
       3
       5
       2
       6
       4
       3
       4
       5
       2
       3
       6
       4
       4
       6
       2
       8
       6
       6
       5
       1
       5
       3
      10
       2
       5
       6
       2
       5
       4
       3
       6
       4
       5
       3
       5
       4
       2
       3
       5
       3
       7
       0
       6
       3
       4
       5
       6
       6
       5
       3
       3
      10
       4
       4
       5
       6
       2
       9
       3
       5
       6
       6
       9
       4
       9
       9
       3
       7
       3
       4
       3
       3
       3
       4
      10
       4
       4
       2
       6
       5
       8
       7
       4
       5
       4
       7
       4
       4
       2
       2
       3
       5
       7
       6
       5
       5
       7
      13
       5
      11
      26
      30
      35
      52
      74
      67
      70
      71
      85
      43
      35
      30
      23
      11
       9
      16
      15
      14
      14
      15
      11
       8
       7
       3
       5
       4
       6
       6
       5
       6
       2
       6
       1
       4
       8
       6
       6
       7
       4
       5
       4
       4
       5
       6
       3
       1
       3
       1
       5
       5
       7
       3
       5
       4
       4
       6
       4
       3
       3
       7
      10
      16
       8
      12
      20
      11
      33
      55
      62
      81
      82
     100
      97
      97
      77
      58
      38
      17
      10
       7
       5
       4
       5
       5
       6
       2
       7
       1
       4
       5
       7
       2
       4
      10
       2
       4
       7
       6
       8
       6
       6
       4
       5
       8
      10
       6
       8
       3
       4
       6
       7
       3
       4
       5
       2
       7
       4
       5
       6
       3
       7
       4
       8
       4
      11
       0
       2
       3
       4
       5
       3
       2
       4
       6
       4
       4
       6
      10
       7
       6
       9
       5
       5
       5
       4
       6
       2
       3
       7
       5
       8
       5
       2
       5
       7
       3
       8
       7
       2
       3
       4
       5
       8
       6
       6
       7
       5
       3
      10
       6
       4
       6
       4
       7
       8
       4
       2
       1
       5
       7
       5
       7
       5
       4
       4
       3
       2
       6
       7
       4
       1
       8
       7
       4
       7
       8
       3
       2
       1
       7
       4
       5
       5
       8
       6
       3
       5
       9
       7
       3
       7
       8
       7
       5
       4
       4
      10
       5
       6
       3
       6
       3
       3
       7
       5
       7
       5
       3
       5
       4
       2
       2
       3
       4
       1
       7
       4
       7
       6
       7
       3
       6
       6
      10
       8
       6
      11
       1
       8
       7
      11
       5
       4
       9
       5
       6
       5
       3
       7
       4
       5
       2
       5
       0
       7
       2
       8
       6
       2
       4
       2
       1
       5
       3
       2
       5
       3
       1
       2
       8
       9
       3
       2
       3
       4
       6
       1
       5
       2
       1
       2
       2
       3
       4
       4
       5
       4
       2
       7
       0
       3
       5
       5
       6
       9
       2
       4
       4
       4
       3
       6
       3
       5
       5
       6
       2
       6
       7
       2
      11
      11
      13
      12
      13
       9
       6
      10
       5
       3
       3
       2
       2
       5
       1
       2
       4
       0
       3
       5
       3
       2
       4
       2
       4
       4
       3
       2
       4
       1
       2
       5
       3
       3
       1
       3
       1
       3
       6
       1
       1
       3
       2
       0
       7
       5
       2
       1
       2
       0
       0
       3
       5
       2
       3
       1
       4
       3
       5
       3
       5
       4
       4
       3
       1
       4
       4
       3
       8
       1
       2
       1
       5
       2
       2
       2
       1
       3
       2
       2
       1
       1
       3
       4
       4
       5
       0
       3
       1
       2
       2
       1
       6
       4
       5
       2
       5
       5
       5
       2
       2
       1
       1
       4
       3
       0
       2
       0
       2
       3
       2
       3
       0
       4
       0
       1
       2
       3
       5
       0
       2
       0
       1
       3
       1
       2
       3
       2
       1
       4
       1
       3
       2
       0
       0
       0
       2
       2
       2
       2
       2
       2
       3
       0
       4
       4
       1
       2
       3
       1
       4
       3
       6
       1
       3
       2
       0
       0
       3
       3
       1
       4
       1
       0
       1
       1
       0
       1
       0
       1
       2
       0
       3
       1
       2
       1
       3
       3
       2
       1
       1
       0
       2
       1
       3
       1
       1
       1
       2
       1
       3
       2
       3
       2
       0
       0
       3
       3
       1
       0
       4
       2
       2
       0
       0
       3
       1
       3
       1
       2
       0
       4
       6
       3
      13
       5
      10
      13
       8
      13
       3
       3
       2
       3
       2
       1
       1
       0
       3
       2
       2
       2
       1
       1
       1
       1
       0
       2
       1
       2
       0
       0
       2
       1
       1
       2
       4
       3
       1
       2
       2
       2
       2
       3
       0
       1
       0
       1
       1
       0
       2
       2
       0
       1
       0
       0
       1
       1
       0
       0
       0
       1
       1
       0
       1
       0
       1
       0
       4
       0
       3
       1
       2
       3
       1
       1
       0
       0
       1
       1
       1
       0
       1
       1
       1
       1
       1
       1
       1
       1
       2
       0
       0
       1
       1
       0
       0
       0
       0
       0
       1
       1
       0
       1
       0
       1
       0
       1
       0
       0
       1
       1
       1
       0
       2
       0
       0
       1
       0
       1
       0
       0
       3
       0
       1
       1
       1
       2
       1
       0
       2
       1
       2
       1
       0
       1
       1
       0
       0
       0
       0
       1
       0
       1
       2
       0
       2
       2
       0
       0
       1
       2
       1
       2
       2
       1
       2
       1
       2
       0
       0
       0
       1
       1
       1
       0
       1
       1
       1
       0
       1
       4
       0
       0
       2
       0
       0
       1
       1
       0
       0
       1
       0
       0
       0
       0
       0
       0
       1
       1
       0
       0
       1
       0
       0
       1
       1
       0
       1
       0
       0
       2
       0
       1
       1
       0
       1
       0
       2
       1
       3
       1
       1
       0
       0
       0
       3
       2
       0
       0
       0
       0
       1
       1
       0
       1
       1
       1
       0
       2
       0
       0
       0
       0
       1
       1
       0
       0
       0
       1
       1
       2
       0
       2
       0
       0
       0
       1
       0
       0
       0
       0
       0
       1
       1
       1
       2
       1
       1
       2
       2
       2
       4
       4
       9
       7
       6
       4
      12
      21
      29
      26
      51
      62
      62
      71
      69
     105
      96
      89
      70
      46
      38
       8
      11
      10
       2
       0
       0
       0
       0
       0
       0
       0
       0
       0
       1
       0
       0
       0
       0
       1
       1
       0
       0
       0
       0
       0
       0
       1
       0
       0
       0
       0
       0
       0
       1
       0
       1
       0
       0
       0
       4
       0
       0
       0
       1
       0
       0
       0
       1
       0
       0
       0
       1
       0
       1
       0
       1
       2
       1
       2
       0
       1
       0
       0
       1
       0
       0
       0
       1
       0
       0
       0
       1
       0
       0
       0
       0
       0
       0
       1
       1
       0
       2
       0
       0
       1
       0
       0
       3
       0
       0
       0
       0
       2
       0
       1
       1
       1
       1
       0
       1
       0
       0
       0
       1
       0
       0
       1
       0
       3
       1
       5
       2
       0
       0
       2
       0
       2
       4
       2
       6
       0
       5
       3
       6
       6
       3
       3
       5
       4
       4
       3
       1
       1
       1
       0
       0
       0
       0
       0
       1
       0
       0
       1
       0
       1
       0
       0
       0
       0
       1
       1
       0
       0
       1
       1
       0
       0
       0
       0
       1
       0
       1
       0
       0
       2
       0
       1
       0
       0
       0
       0
       0
       0
       2
       2
       2
       1
       0
       0
       0
       0
       0
       0
       2
       0
       0
       0
       0
       0
       0
       1
       0
       0
       1
       0
       0
       0
       0
       0
       2
       0
       1
       1
       0
       0
       1
       1
       2
       0
       0
       0
       1
       0
       1
       0
       0
       0
       0
       0
       0
       1
       1
       0
       0
       0
       1
       0
       0
       1
       0
       0
       0
       1
       0
       1
       0
       0
       1
       0
       1
       0
       0
       1
       0
       0
       2
       0
       1
       0
       2
       0
       0
       1
       0
       1
       0
       0
       1
       0
       1
       0
       0
       0
       0
       0
       0
       0
       0
       0
       1
       0
       0
       0
       0
       1
       1
       0
       1
       1
       1
       1
       1
       0
       0
       0
       1
       2
       0
       0
       3
       1
       1
       1
       4
       2
       2
       0
       0
       0
       0
       0
       1
       0
       0
       0
       0
       0
       0
       0
       1
       1
       0
       0
       0
       0
       0
       2
       0
       0
       1
       0
       0
       0
       0
       0
       0
       0
       0
       0
       0
       0
       0
       0
       0
       0
       0
       1
       1
       1
       0
       0
       0
       0
       1
       0
       0
       0
       0
       0
       0
       0
       1
       1
       0
       0
       0
       0
       1
       0
       1
       0
       0
       0
       0
       0
       0
       0
       1
       0
       0
       1
       1
       0
       0
       0
       1
       1
       0
       1
       0
       0
       0
       0
       0
       0
       1
       1
       0
       0
       0
       0
       0
       0
       0
       0
       0
       0
       1
       1
       0
       1
       0
       0
       0
       1
       0
       0
       1
       0
       0
       0
       0
       0
       0
       2
       0
       0
       0
       0
       0
       0
       0
       0
       0
       0
       1
       0
       0
       0
       0
       0
       0
       1
       0
       0
       0
       1
       2
       0
       1
       0
       0
       1
       0
       2
       0
       0
       1
       1
       0
       0
       1
       1
       1
       0
       1
       0
       0
       0
       3
       0
       0
       1
       1
       0
       0
       0
       0
       0
       0
       0
       0
       1
       0
       0
       0
       1
       0
       1
       0
       0
       0
       0
       0
       0
       0
       1
       0
       0
       0
       0
       0
       1
       0
       0
       1
       0
       1
       0
       0
       2
       0
       0
       0
       0
       0
       0
       0
       0
       0
       0
       0
       0
       0
       0
       0
       1
       1
       0
       0
       0
       0
       0
       1
       1
       0
       1
       0
       0
       0
       0
       0
       0
       0
       0
       1
       0
       0
       0
       0
       1
       0
       0
       0
       0
       0
       1
       0
       0
       0
       1
       0
       0
       0
       0
       0
       0
       0
       0
       1
       1
       0
       0
       1
       0
       0
       0
       0
       0
       0
       0
       0
       0
       1
       0
       0
       0
       0
       0
       0
       0
       0
       0
       1
       0
       0
       0
       0
       0
       0
       0
       0
       0
       0
       0
       1
       0
       0
       0
       1
       0
       0
       1
       0
       1
       0
       0
       2
       0
       0
       0
       0
       0
       0
       0
       0
       2
       0
       0
       0
       0
       1
       0
       0
       0
       0
       0
       0
       0
       0
       0
       0
       0
       0
       0
       0
       0
       1
       0
       0
       1
       0
       0
       0
       1
       0
       0
       1
       0
       0
       0
       0
       0
       0
       0
       0
       0
       0
       0
       1
       0
       1
       0
       0
       0
       0
       0
       0
       1
       0
       0
       1
       1
       0
       0
       0
       0
       0
       0
       1
       0
       0
       1
       0
       0
       0
       0
       0
       0
       0
       0
       0
       0
       0
       0
       1
       0
       1
       0
       0
       0
       0
       0
       0
       1
       0
       0
       0
       1
       1
       0
       0
       0
       0
       1
       0
       0
       1
       1
       0
       0
       0
       0
       0
       0
       0
       0
       0
       0
       0
       0
       1
       0
       0
       0
       0
       0
       0
       0
       0
       0
       0
       0
       1
       0
       0
       1
       0
       0
       1
       0
       0
       0
       0
       0
       1
       0
       0
       0
       0
       0
       0
       1
       0
       0
       0
       0
       0
       0
       0
       0
       0
       0
       0
       0
       1
       0
       1
       0
       1
       0
       0
       1
       0
       0
       0
       1
       0
       0
       0
       1
       0
       2
       0
       0
       0
       0
       1
       0
       0
       0
       1
       1
       0
       0
       0
       0
       1
       0
       1
       0
       1
       0
       1
       0
       0
       0
       0
       0
       0
       0
       0
       1
       0
       0
       0
       1
       0
       1
       0
       0
       0
       0
       0
       0
       0
       0
       0
       0
       0
       0
       0
       0
       0
       0
       0
       0
       0
       0
       0
       0
       1
       0
       0
       0
       0
       0
       0
       0
       0
       0
       0
       0
       0
       0
       0
       0
       0
       0
       0
       0
       1
       0
       2
       1
       2
       0
       2
       0
       0
       0
       3
       1
       3
       0
       0
       0
       1
       0
       0
       0
       0
       0
       0
       0
       0
       0
       0
       0
       1
       0
       0
       0
       1
       0
       0
       0
       0
       2
       0
       0
       0
       0
       0
       0
       0
       0
       0
       0
       0
       0
       0
       0
       0
       1
       0
       1
       0
       0
       0
       0
       1
       1
       0
       0
       1
       0
       0
       2
       0
       0
       0
       0
       0
       0
       0
       0
       0
       0
       0
       0
       0
       0
       0
       0
       0
       0
       0
       0
       0
       0
       0
       0
       0
       0
       0
       0
       0
       0
       0
       0
       0
       0
       0
       0
       0
       0
       1
       0
       0
       0
       0
       1
       0
       0
       0
       1
       0
       0
       0
       0
       0
       0
       0
       0
       0
       0
       0
       0
       0
       0
       0
       1
       0
       0
       0
       2
       0
       1
       0
       0
       0
       0
       0
       0
       0
       0
       0
       0
       0
       0
       0
       0
       0
       0
       0
       0
       1
       0
       0
       0
       0
       2
       0
       0
       0
       0
       0
       0
       1
       0
       0
       2
       0
       0
       2
       0
       0
       0
       0
       0
       0
       0
       0
       0
       0
       1
       1
       0
       0
       1
       1
       0
       0
       0
       0
       0
       0
       0
       1
       0
       0
       0
       0
       0
       0
       0
       0
       0
       0
       0
       0
       0
       0
       1
       0
       0
       2
       0
       0
       1
       0
       0
       0
       0
       0
       0
       0
       0
       1
       0
       0
       0
       0
       0
       0
       0
       0
       0
       0
       0
       0
       0
       0
       0
       0
       0
       0
       0
       0
       1
       1
       0
       0
       0
       0
       1
       0
       0
       1
       1
       0
       0
       0
       0
       0
       1
       1
       0
       0
       0
       0
       0
       0
       0
       1
       0
       0
       0
       0
       0
       0
       0
       0
       1
       0
       0
       1
       0
       0
       0
       0
       0
       0
       0
       0
       0
       0
       0
       0
       0
       0
       0
       0
       0
       0
       0
       0
       0
       0
       0
       0
       0
       0
       0
       0
       0
       0
       0
       0
       0
       1
       0
       0
       0
       0
       0
       1
       1
       0
       1
       0
       0
       0
       0
       0
       0
       0
       0
       0
       0
       0
       0
       0
       0
       0
       0
       1
       0
       0
       0
       0
       0
       0
       0
       2
       0
       0
       0
       0
       0
       1
       0
       1
       0
       0
       0
       1
       0
       0
       0
       0
       1
       0
       1
       0
       0
       0
       0
       0
       0
       0
       0
       0
       0
       1
       0
       0
       0
       0
       0
       0
       1
       1
       0
       0
       0
       1
       0
       0
       0
       0
       0
       1
       0
       0
       1
       1
       0
       0
       0
       0
       0
       0
       1
       0
       0
       0
       0
       0
       0
       0
       0
       1
       0
       0
       1
       0
       0
       0
       0
       0
       0
       0
       0
       0
       0
       0
       0
       0
       0
       0
       0
       0
       0
       0
       0
       0
       0
       0
       0
       0
       0
       0
       0
       0
       0
       0
       0
       0
       0
       1
       0
       0
       0
       0
       0
       0
       0
       0
       1
       0
       0
       0
       0
       0
       0
       0
       0
       0
       0
       0
       0
       0
       0
       0
       0
       0
       0
       0
       0
       1
       0
       0
       0
       0
       0
       1
       1
       0
       0
       0
       0
       0
       0
       0
       1
       0
       0
       0
       0
       0
       0
       0
       0
       0
       1
       0
       0
       0
       1
       0
       1
       0
       1
       1
       0
       0
       1
       0
       0
       0
       0
       0
       0
       0
       0
       1
       0
       0
       0
       0
       0
       0
       0
       0
       0
       0
       0
       0
       0
       0
       0
       0
       0
       0
       0
       0
       0
       0
       0
       0
       1
       0
       0
       0
       0
       0
       0
       0
       0
       0
       0
       0
       0
       0
       0
       0
       0
       0
       0
       1
       0
       0
       0
       0
       0
       0
       0
       0
       0
       0
       0
       0
       0
       0
       0
       1
       0
       0
       0
       0
       0
       0
       0
       0
       1
       0
       0
       0
       0
       0
       1
       0
       0
       0
       0
       0
       0
       0
       0
       0
       1
       2
       0
       0
       0
       0
       1
       0
       0
       0
       0
       0
       0
       0
       0
       0
       0
       0
       0
       0
       0
       0
       0
       0
       0
       0
       0
       0
       0
       0
       0
       0
       0
       0
       0
       0
       0
       0
       0
       0
       0
       0
       0
       0
       0
       0
       0
       0
       0
       0
       0
       1
       1
       0
       1
       0
       1
       0
       1
       0
       0
       0
       0
       0
       0
       0
       0
       0
       0
       0
       0
       0
       0
       0
       0
       0
       0
       0
       0
       0
       0
       0
       0
       0
       0
       0
       0
       1
       0
       0
       0
       0
       0
       0
       0
       0
       0
       0
       0
       0
       0
       0
       0
       0
       0
       0
       0
       0
       0
       0
       0
       0
       0
       0
       0
       0
       0
       0
       0
       0
       1
       1
       0
       1
       0
       0
       0
       1
       0
       0
       0
       0
       0
       0
       0
       0
       0
       0
       0
       0
       0
       0
       0
       0
       0
       1
       0
       0
       0
       0
       0
       0
       0
       0
       0
       0
       0
       0
       0
       0
       0
       0
       0
       0
       0
       0
       0
       1
       0
       0
       0
       0
       0
       0
       0
       0
       0
       0
       0
       0
       0
       0
       0
       0
       0
       0
       0
       0
       0
       0
       0
       0
       0
       0
       0
       0
       0
       0
       0
       0
       1
       0
       0
       0
       0
       0
       0
       0
       0
       0
       0
       0
       0
       0
       1
       0
       0
       0
       0
       0
       0
       2
       1
       0
       0
       1
       1
       1
       0
       0
       1
       0
       0
       0
       0
       1
       0
       0
       0
       0
       0
       0
       1
       0
       0
       0
       1
       0
       0
       0
       1
       0
       0
       1
       0
       0
       0
       0
       0
       0
       0
       0
       0
       0
       0
       0
       0
       0
       0
       1
       0
       0
       0
       0
       0
       0
       0
       1
       1
       0
       0
       0
       0
       0
       0
       0
       0
       0
       0
       0
       0
       0
       0
       0
       0
       0
       1
       0
       0
       0
       0
       0
       0
       0
       0
       0
       0
       0
       0
       0
       0
       0
       1
       1
       0
       0
       0
       0
       1
       0
       0
       0
       0
       0
       2
       0
       1
       0
       0
       0
       0
       0
       1
       0
       0
       0
       0
       1
       0
       0
       0
       0
       0
       0
       0
       2
       1
       0
       0
       1
       1
       1
       0
       0
       0
       0
       0
       0
       0
       0
       0
       0
       1
       0
       1
       0
       0
       1
       0
       0
       0
       1
       0
       0
       0
       0
       0
       0
       0
       0
       0
       1
       0
       1
       0
       0
       0
       0
       0
       0
       0
       0
       0
       0
       0
       0
       0
       0
       0
       1
       0
       1
       0
       0
       0
       0
       1
       0
       0
       0
       0
       0
       1
       0
       0
       0
       0
       0
       0
       0
       0
       1
       0
       0
       0
       0
       0
       0
       0
       0
       0
       0
       0
       0
       0
       0
       0
       0
       0
       0
       0
       0
       0
       0
       0
       0
       0
       0
       0
       0
       0
       0
       0
       0
       0
       0
       0
       0
       0
       0
       0
       0
       0
       0
       0
       0
       0
       0
       1
       0
       2
       0
       0
       1
       0
       0
       1
       1
       0
       1
       1
       1
       1
       0
       0
       0
       0
       0
       1
       0
       0
       1
       0
       0
       0
       0
       0
       0
       0
       0
       0
       1
       0
       1
       0
       1
       0
       0
       0
       0
       0
       0
       0
       0
       0
       0
       0
       0
       0
       0
       0
       0
       0
       0
       0
       0
       0
       0
       0
       1
       0
       0
       0
       0
       0
       0
       0
       1
       0
       0
       0
       0
       0
       0
       0
       0
       0
       0
       0
       0
       0
       0
       0
       0
       0
       0
       0
       0
       0
       0
       0
       0
       0
       0
       0
       0
       0
       0
       0
       0
       0
       1
       0
       0
       0
       2
       0
       0
       0
       0
       0
       0
       1
       0
       0
       1
       0
       0
       0
       0
       0
       0
       0
       0
       0
       0
       0
       0
       0
       0
       0
       0
       0
       0
       0
       0
       0
       0
       0
       0
       0
       0
       0
       0
       0
       0
       0
       0
       0
       0
       0
       0
       0
       0
       0
       0
       0
       0
       0
       0
       0
       0
       0
       0
       0
       0
       0
       0
       0
       0
       0
       0
       0
       1
       0
       0
       0
       0
       1
       0
       0
       0
       0
       0
       0
       0
       0
       0
       0
       0
       0
       0
       0
       0
       0
       0
       0
       1
       0
       0
       0
       0
       0
       0
       0
       0
       0
       0
       0
       0
       0
       0
       0
       0
       0
       0
       0
       1
       0
       0
       1
       0
       1
       1
       0
       0
       0
       0
       0
       0
       0
       0
       0
       0
       0
       0
       0
       0
       0
       0
       0
       0
       0
       0
       0
       0
       0
       0
       0
       0
       0
       0
       0
       0
       0
       0
       1
       0
       0
       0
       0
       0
       1
       0
       0
       0
       0
       0
       0
       0
       0
       0
       0
       1
       0
       1
       0
       0
       0
       0
       0
       0
       0
       0
       0
       0
       0
       0
       0
       0
       0
       0
       0
       0
       0
       0
       0
       1
       0
       0
       0
       0
       0
       0
       0
       1
       0
       0
       1
       0
       0
       1
       0
       0
       0
       0
       0
       0
       1
       0
       0
       0
       0
       1
       0
       0
       0
       0
       0
       0
       0
       0
       0
       0
       0
       0
       0
       0
       0
       0
       0
       0
       0
       0
       0
       1
       0
       0
       0
       0
       0
       0
       0
       1
       0
       0
       0
       0
       0
       0
       0
       1
       0
       0
       1
       0
       0
       0
       0
       0
       1
       0
       0
       0
       0
       0
       0
       0
       0
       0
       0
       1
       0
       0
       1
       0
       0
       0
       0
       0
       0
       0
       0
       0
       0
       0
       0
       1
       0
       0
       0
       0
       0
       1
       0
       0
       0
       0
       0
       0
       0
       0
       0
       0
       0
       0
       0
       0
       0
       0
       0
       0
       0
       0
       0
       1
       0
       0
       0
       0
       0
       0
       2
       0
       0
       0
       0
       0
       0
       0
       0
       0
       0
       0
       0
       0
       0
       0
       0
       0
       0
       0
       0
       0
       0
       0
       0
       0
       0
       0
       0
       0
       0
       0
       0
       1
       0
       0
       0
       0
       1
       0
       0
       1
       0
       0
       0
       0
       0
       0
       0
       0
       0
       0
       0
       0
       0
       0
       0
       0
       0
       0
       0
       0
       0
       1
       0
       0
       0
       0
       0
       0
       0
       0
       0
       0
       1
       0
       0
       0
       0
       0
       0
       0
       0
       0
       0
       0
       0
       0
       1
       0
       0
       0
       1
       0
       0
       0
       0
       0
       0
       0
       0
       0
       0
       0
       0
       0
       0
       0
       0
       0
       0
       0
       0
       0
       0
       0
       0
       0
       0
       0
       0
       0
       0
       0
       0
       0
       0
       0
       0
       0
       0
       0
       1
       0
       0
       0
       0
       0
       0
       0
       0
       0
       0
       0
       0
       0
       0
       0
       0
       0
       0
       0
       0
       0
       0
       0
       0
       0
       0
       0
       0
       0
       0
       0
       0
       0
       0
       0
       0
       0
       0
       0
       0
       0
       0
       0
       0
       0
       0
       0
       0
       0
       0
       0
       0
       1
       0
       0
       1
       1
       0
       0
       0
       0
       0
       0
       0
       0
       0
       0
       0
       0
       0
       0
       0
       0
       0
       0
       0
       0
       0
       1
       0
       0
       0
       1
       0
       0
       0
       0
       0
       0
       0
       0
       1
       0
       0
       0
       0
       0
       0
       0
       0
       0
       0
       0
       0
       0
       0
       0
       0
       0
       0
       0
       0
       0
       1
       0
       0
       0
       0
       0
       0
       1
       0
       0
       0
       0
       0
       0
       0
       0
       0
       0
       0
       0
       0
       0
       0
       0
       0
       1
       0
       0
       0
       0
       0
       0
       0
       0
       0
       0
       0
       0
       0
       0
       0
       0
       0
       0
       0
       0
       0
       0
       0
       0
       0
       0
       0
       0
       0
       0
       0
       1
       0
       0
       0
       0
       1
       0
       0
       0
       0
       0
       0
       0
       0
       0
       0
       0
       0
       0
       0
       0
       0
       0
       0
       0
       0
       0
       0
       0
       0
       0
       0
       0
       0
       0
       0
       0
       0
       0
       0
       0
       1
       0
       1
       0
       0
       0
       0
       0
       0
       0
       0
       0
       0
       0
       0
       0
       0
       0
       0
       0
       0
       0
       0
       0
       0
       0
       1
       0
       0
       0
       0
       0
       0
       0
       2
       0
       0
       0
       0
       0
       0
       0
       0
       0
       0
       0
       0
       0
       0
       0
       0
       0
       0
       0
       0
       0
       0
       0
       0
       0
       0
       0
       0
       0
       0
       0
       0
       0
       0
       0
       0
       0
       0
       0
       0
       0
       0
       0
       0
       0
       0
       0
       0
       0
       0
       0
       0
       0
       0
       0
       0
       0
       0
       0
       0
       0
       0
       0
       0
       0
       0
       0
       0
       0
       0
       0
       0
       0
       0
       0
       0
       0
       0
       0
       0
       0
       0
       0
       0
       0
       0
       0
       0
       0
       0
       0
       0
       0
       0
       0
       0
       0
       0
       0
       0
       0
       0
       0
       0
       1
       0
       0
       0
       0
       0
       0
       0
       0
       0
       0
       0
       0
       1
       0
       0
       0
       0
       0
       0
       0
       0
       0
       0
       0
       0
       0
       0
       0
       0
       1
       0
       0
       0
       1
       0
       0
       0
       0
       0
       0
       0
       0
       0
       0
       0
       0
       0
       0
       0
       0
       0
       0
       0
       0
       0
       0
       0
       0
       0
       0
       0
       0
       0
       0
       0
       0
       0
       0
       0
       0
       0
       0
       0
       0
       0
       0
       0
       1
       0
       0
       0
       0
       0
       1
       0
       0
       0
       0
       0
       0
       0
       0
       0
       0
       0
       0
       0
       0
       0
       0
       2
       0
       0
       1
       0
       0
       3
       1
       1
       0
       0
       0
       1
       2
       1
       2
       0
       0
       0
       0
       0
       0
       0
       0
       0
       0
       0
       0
       0
       0
       0
       0
       0
       0
       0
       0
       1
       0
       0
       0
       0
       0
       0
       0
       0
       0
       0
       0
       0
       0
       0
       0
       0
       0
       0
       0
       0
       0
       0
       0
       0
       0
       0
       0
       0
       1
       0
       0
       0
       0
       0
       0
       0
       0
       0
       0
       0
       0
       0
       0
       0
       0
       0
       0
       0
       0
       1
       0
       0
       0
       0
       0
       0
       0
       0
       0
       0
       0
       0
       0
       0
       0
       0
       0
       0
       0
       0
       0
       0
       0
       0
       0
       0
       0
       0
       0
       0
       0
       0
       0
       0
       0
       0
       0
       0
       0
       0
       0
       0
       0
       1
       0
       0
       1
       0
       0
       0
       0
       0
       0
       0
       0
       0
       0
       0
       0
       0
       0
       0
       0
       0
       0
       0
       0
       0
       0
       0
       0
       0
       0
       0
       0
       0
       0
       0
       0
       0
       0
       0
       0
       0
       0
       0
       0
       0
       0
       0
       0
       0
       0
       0
       0
       0
       0
       0
       0
       0
       0
       0
       0
       0
       0
       0
       0
       0
       0
       0
       0
       0
       0
       0
       0
       0
       0
       0
       0
       0
       0
       0
       0
       0
       0
       0
       0
       0
       0
       0
       0
       0
       0
       0
       0
       0
       0
       0
       0
       0
       0
       0
       0
       0
       0
       0
       0
       0
       0
       0
       1
       0
       0
       0
       0
       0
       0
       0
       0
       0
       0
       0
       0
       0
       0
       0
       0
       0
       0
       0
       0
       0
       0
       0
       0
       0
       0
       0
       0
       0
       0
       0
       0
       0
       0
       0
       0
       0
       0
       0
       0
       0
       0
       0
       0
       0
       0
       0
       0
       0
       0
       0
       0
       0
       1
       0
       0
       0
       0
       0
       0
       0
       0
       0
       0
       0
       0
       0
       1
       0
       0
       0
       0
       1
       0
       0
       0
       0
       0
       0
       0
       0
       0
       0
       0
       0
       1
       0
       0
       0
       0
       0
       0
       0
       0
       0
       0
       0
       0
       0
       0
       0
       1
       0
       0
       0
       0
       0
       0
       0
       0
       0
       0
       0
       0
       0
       0
       0
       0
       0
       0
       0
       0
       0
       0
       0
       0
       0
       0
       0
       0
       0
       0
       0
       0
       0
       0
       0
       0
       0
       0
       0
       0
       0
       0
       0
       0
       0
       0
       0
       0
       0
       0
       0
       0
       0
       0
       0
       0
       0
       1
       0
       0
       0
       0
       0
       0
       0
       2
       0
       0
       0
       0
       0
       0
       0
       0
       0
       0
       0
       0
       0
       0
       0
       0
       0
       0
       0
       0
       0
       0
       0
       0
       0
       0
       0
       0
       0
       0
       0
       0
       0
       0
       0
       0
       0
       0
       0
       0
       0
       0
       0
       0
       0
       0
       0
       0
       0
       0
       0
       0
       0
       0
       0
       0
       0
       0
       0
       0
       0
       0
       0
       0
       0
       0
       0
       0
       0
       0
       0
       0
       0
       0
       0
       0
       0
       0
       0
       0
       0
       0
       0
       0
       0
       0
       0
       0
       0
       0
       0
       0
       0
       0
       0
       0
       0
       0
       0
       0
       0
       0
       0
       0
       0
       0
       0
       0
       0
       0
       0
       0
       0
       0
       0
       0
       0
       0
       0
       0
       0
       0
       1
       0
       0
       0
       0
       0
       0
       0
       0
       0
       0
       0
       0
       0
       0
       0
       0
       0
       0
       0
       0
       0
       0
       0
       0
       0
       0
       0
       1
       0
       0
       0
       1
       0
       0
       0
       0
       0
       0
       0
       0
       0
       0
       0
       0
       0
       0
       0
       0
       0
       0
       0
       0
       0
       0
       0
       0
       0
       0
       0
       0
       0
       0
       0
       0
       0
       1
       0
       0
       0
       0
       0
       0
       0
       0
       0
       0
       0
       0
       0
       0
       0
       0
       0
       0
       0
       0
       0
       0
       0
       0
       0
       0
       0
       1
       0
       0
       0
       0
       0
       0
       0
       0
       0
       0
       0
       0
       0
       0
       0
       0
       1
       0
       0
       0
       0
       0
       0
       0
       0
       0
       0
       0
       0
       0
       0
       0
       0
       0
       0
       0
       0
       0
       0
       0
       0
       0
       0
       0
       0
       0
       0
       0
       0
       0
       0
       0
       0
       0
       0
       0
       0
       0
       0
       0
       0
       0
       0
       0
       0
       0
       0
       0
       0
       0
       0
       0
       0
       0
       0
       0
       1
       0
       0
       0
       0
       1
       0
       0
       0
       0
       0
       0
       0
       0
       0
       0
       0
       0
       0
       0
       0
       0
       0
       0
       0
       0
       0
       0
       0
       0
       0
       0
       0
       0
       0
       0
       0
       0
       0
       0
       0
       0
       0
       0
       0
       0
       0
       0
       0
       0
       0
       0
       0
       0
       0
       0
       0
       0
       0
       0
       0
       0
       0
       0
       0
       0
       0
       0
       0
       0
       0
       0
       0
       0
       0
       0
       0
       0
       0
       0
       0
       0
       0
       0
       0
       0
       0
       0
       0
       0
       0
       0
       0
       0
       0
       0
       0
       0
       0
       0
       0
       0
       0
       0
       0
       0
       0
       0
       0
       0
       0
       0
       0
       0
       0
       0
       0
       0
       0
       0
       0
       0
       0
       0
       0
       0
       0
       0
       0
       0
       0
       0
       0
       0
       0
       0
       0
       0
       0
       0
       0
       0
       0
       0
       0
       0
       0
       0
       0
       0
       0
       0
       0
       0
       0
       0
       0
       0
       0
       1
       0
       0
       0
       0
       0
       0
       0
       0
       0
       0
       0
       0
       0
       0
       0
       0
       0
       0
       0
       0
       0
       0
       0
       0
       0
       0
       0
       0
       0
       0
       0
       0
       0
       0
       0
       0
       0
       0
       0
       0
       0
       0
       0
       0
       0
       0
       0
       0
       1
       0
       0
       0
       0
       0
       0
       0
       0
       0
       0
       0
       0
       0
       0
       0
       0
       0
       0
       0
       0
       0
       0
       0
       0
       0
       0
       0
       0
       0
       0
       0
       0
       0
       0
       0
       0
       0
       0
       0
       0
       0
       0
       0
       0
       0
       0
       0
       0
       0
       1
       0
       0
       1
       0
       0
       0
       0
       0
       0
       0
       0
       0
       0
       0
       0
       0
       0
       0
       0
       0
       0
       0
       0
       0
       0
       0
       0
       0
       0
       1
       0
       0
       0
       0
       0
       0
       0
       0
       0
       0
       0
       0
       1
       0
       0
       0
       0
       0
       0
       0
       0
       0
       0
       0
       0
       0
       0
       0
       0
       0
       0
       0
       0
       0
       0
       0
       0
       0
       0
       0
       0
       1
       0
       0
       0
       0
       0
       0
       0
       0
       0
       0
       0
       0
       0
       0
       0
       0
       0
       0
       0
       0
       0
       0
       0
       0
       0
       0
       0
       0
       0
       0
       0
       0
       1
       0
       0
       0
       0
       0
       0
       0
       0
       0
       0
       0
       0
       0
       0
       0
       0
       0
       0
       0
       0
       0
       0
       0
       0
       0
       0
       0
       0
       0
       0
       0
       0
       0
       0
       0
       0
       0
       0
       0
       0
       0
       0
       0
       0
       0
       0
       0
       0
       0
       0
       0
       0
       0
       0
       0
       0
       0
       0
       0
       0
       0
       0
       0
       0
       0
       0
       0
       0
       0
       0
       0
       0
       0
       0
       0
       0
       0
       0
       0
       0
       0
       0
       0
       0
       0
       0
       0
       0
       0
       0
       0
       0
       0
       0
       0
       0
       0
       0
       0
       0
       0
       0
       0
       0
       0
       0
       0
       0
       1
       0
       0
       0
       0
       0
       0
       0
       0
       0
       0
       0
       0
       0
       0
       0
       0
       0
       0
       0
       0
       0
       0
       0
       0
       0
       0
       0
       0
       0
       0
       0
       0
       0
       0
       0
       0
       0
       0
       0
       0
       0
       0
       0
       0
       0
       0
       0
       0
       0
       0
       0
       0
       0
       0
       0
       0
       0
       0
       0
       0
       0
       0
       0
       0
       0
       0
       0
       0
       0
       0
       0
       1
       0
       0
       0
       0
       0
       0
       0
       0
       0
       0
       0
       0
       0
       0
       0
       0
       0
       0
       1
       0
       0
       0
       0
       0
       0
       0
       0
       0
       0
       0
       0
       0
       0
       0
       0
       0
       0
       0
       0
       0
       1
       0
       0
       0
       0
       0
       0
       0
       1
       0
       0
       0
       0
       0
       0
       0
       0
       0
       0
       0
       0
       0
       0
       0
       1
       0
       0
       0
       0
       0
       0
       0
       0
       0
       0
       0
       0
       0
       0
       0
       0
       0
       0
       0
       0
       0
       0
       0
       0
       0
       0
       0
       0
       0
       0
       0
       0
       0
       0
       0
       0
       0
       0
       0
       0
       1
       0
       0
       0
       0
       0
       0
       0
       0
       0
       0
       0
       0
       0
       0
       0
       0
       0
       0
       0
       0
       0
       0
       0
       0
       0
       0
       0
       0
       0
       0
       0
       0
       0
       0
       0
       0
       0
       0
       0
       0
       0
       0
       0
       0
       0
       0
       0
       0
       0
       0
       0
       0
       1
       0
       0
       0
       0
       0
       0
       0
       0
       0
       0
       0
       0
       0
       0
       0
       0
       0
       0
       0
       0
       0
       0
       0
       0
       0
       0
       0
       0
       0
       0
       0
       0
       0
       0
       0
       0
       0
       0
       0
       0
       0
       0
       0
       0
       0
       0
       0
       0
       0
       0
       0
       0
       0
       0
       0
       0
       0
       0
       0
       0
       0
       0
       0
       0
       0
       0
       0
       0
       0
       0
       0
       0
       0
       0
       0
       0
       0
       0
       0
       0
       0
       0
       0
       0
       0
       0
       0
       0
       0
       0
       0
       0
       0
       0
       0
       0
       0
       0
       0
       0
       0
       0
       0
       0
       0
       0
       0
       0
       0
       0
       0
       0
       1
       0
       0
       0
       0
       0
       0
       0
       0
       0
       1
       1
       1
       0
       0
       1
       1
       0
       1
       3
       0
       0
       1
       3
       1
       0
       1
       1
       0
       2
       1
       2
       1
       0
       0
       0
       0
       0
       1
       1
       2
       1
       2
       0
       0
       1
       0
       2
       0
       0
       1
       0
       0
       0
       0
       2
       0
       1
       0
       1
       0
       0
       0
       0
       1
       2
       0
       2
       0
       1
       2
       1
       1
       0
       0
       0
       2
       2
       0
       1
       2
       0
       0
       1
       0
       0
       0
       0
       0
       1
       0
       0
       1
       1
       2
       0
       1
       0
       0
       0
       0
       1
       0
       0
       0
       0
       2
       0
       1
       0
       1
       0
       1
       4
       0
       0
       1
       0
       0
       0
       0
       0
       0
       1
       0
       0
       1
       0
       1
       1
       1
       0
       2
       1
       0
       2
       0
       2
       3
       1
       0
       2
       0
       1
       0
       0
       2
       0
       0
       0
       3
       0
       1
       2
       0
       1
       1
       0
       0
       1
       0
       0
       1
       0
       0
       0
       0
       0
       1
       1
       0
       0
       0
       1
       0
       0
       0
       1
       0
       0
       1
       1
       0
       0
       0
       2
       0
       0
       0
       0
       0
       1
       0
$ROI:
0
$PRESETS:
None
0
0
$ENER_FIT:
0.000000 0.374432
$MCA_CAL:
3
0.000000E+000 3.744323E-001 0.000000E+000 keV
$SHAPE_CAL:
3
6.617742E+000 0.000000E+000 0.000000E+000
