# t in C; I in pA Heizrate: 1K/min
1 -50 0.8
2 -48.6 0.8
3 -47.2 0.9
4 -46.0 0.9
5 -44.0 0.9
6 -42.9 1.0
7 -41.2 1.0
8 -39.7 1.1
9 -38.2 1.3
10 -36.9 1.3
11 -35.7 1.8
12 -34.5 2.0
13 -33.3 2.3
14 -32.3 2.6
15 -31.3 3.0
16 -30.3 3.3
17 -29.3 3.8
18 -28.3 4.2
19 -27.3 4.6
20 -26.4 5.1
21 -25.5 5.6
22 -24.6 6.1
23 -23.5 6.6
24 -22.5 7.2
25 -21.5 7.8
26 -20.3 8.4
27 -19.1 8.9
28 -18.1 9.2
29 -17.0 9.2
30 -16.0 9.0
31 -15.1 8.7
32 -14.1 8.3
33 -13.0 7.8
34 -11.9 7.2
35 -10.8 6.5
36 -9.8 5.8
37 -8.8 5.1
38 -7.8 4.6
39 -6.8 4.2
40 -5.7 3.9
41 -4.7 3.6
42 -3.7 3.5
43 -2.6 3.5
44 -1.5 3.6
45 -0.5 3.7
46 0.5 3.8
47 1.5 3.9
48 2.5 4.0
49 3.6 4.2
50 4.7 4.4
51 5.7 4.6
52 6.7 4.8
53 7.7 4.9
54 8.8 5.1
55 9.8 5.3
56 10.8 5.5
57 11.8 5.7
58 12.8 5.9
59 13.8 6.0
60 14.7 6.1
61 15.6 6.3
62 16.7 6.5
63 17.8 6.8
64 18.9 7.0
65 20.0 7.3
66 21.0 7.5
67 22.0 7.6
68 23.0 7.8
69 23.9 8.0
70 24.8 8.1
71 25.8 8.3
72 26.8 8.5
73 27.8 8.7
74 29.0 9.0
75 30.0 9.4
76 30.9 9.7
77 31.9 10.0
78 32.9 10.3
79 33.9 10.5
80 34.8 10.8
81 35.8 11.1
82 36.9 11.6
83 37.9 12.0
84 39.0 12.5
85 40.0 12.9
86 40.9 13.0
87 41.8 13.0
88 42.7 13.0
89 43.8 13.1
90 45.0 13.2
91 46.1 13.3
92 47.2 13.0
93 48.2 12.6
94 49.1 12.1
95 50.0 11.5
96 50.9 10.9
97 51.9 10.4
98 52.9 9.8
99 53.9 9.1
100 55.0 8.5
